2
1
2
4
2
2
2
5
2
5
1
2
4
1
2
4
2
5
2
5
2
5
2
5
1
1
4
6
1
1
6
6
5
7
5
7
7
7
7
7
1
1
6
6
1
1
6
6
7
7
7
7
7
7
7
7
2
2
2
5
2
5
2
2
2
5
2
5
2
5
2
5
2
5
2
5
2
5
2
5
2
5
2
5
2
2
2
5
2
5
2
2
2
5
2
5
2
5
2
5
2
5
2
5
2
5
2
5
2
5
2
5
5
7
5
7
7
7
7
7
5
7
5
7
7
7
7
7
7
7
7
7
7
7
7
7
7
7
7
7
7
7
7
7
5
7
5
7
7
7
7
7
5
7
5
7
7
7
7
7
7
7
7
7
7
7
7
7
7
7
7
7
7
7
7
7
1
5
2
6
4
15
1
1
1
1
1
1
1
1
1
1
1
1
2
1
1
1
2
8
1
1
2
2
4
5
1
7
3
5
8
8
20
2
2
1
2
4
1
2
8
2
1
2
5
2
1
2
5
8
3
11
8
6
9
9
21
5
16
6
21
6
21
6
21
6
21
6
21
6
21
6
21
2
2
4
2
4
4
11
3
12
4
11
20
13
27
2
2
4
4
4
4
12
4
12
4
13
27
13
27
4
4
4
6
4
4
4
6
17
7
19
10
13
22
15
29
4
6
4
6
4
6
4
6
19
10
19
10
15
29
15
29
2
2
4
4
4
4
12
4
12
4
13
27
13
27
2
2
4
4
4
4
12
4
12
4
13
28
13
28
4
6
4
6
4
6
4
6
19
10
19
10
15
29
15
29
4
6
4
6
4
6
4
6
19
11
19
11
15
30
15
30
1
1
1
1
1
1
1
1
1
1
1
1
1
1
1
1
2
2
1
3
6
1
3
9
2
1
2
5
2
1
2
5
9
6
14
14
10
9
15
23
2
2
1
3
9
1
3
9
2
1
2
5
2
1
2
5
10
9
15
23
10
9
15
23
1
1
1
1
1
1
1
1
1
1
1
1
1
1
1
1
2
2
1
3
9
1
3
6
2
1
2
5
2
1
2
5
10
9
15
23
9
6
14
14
2
2
1
2
8
1
2
4
2
1
2
5
2
1
2
5
6
9
9
21
8
3
11
8
4
4
4
6
4
4
4
6
20
11
23
17
20
22
23
31
4
6
4
6
4
6
4
6
23
15
23
17
23
29
23
31
4
4
4
6
4
4
4
6
22
16
25
27
20
22
23
31
4
6
4
6
4
6
4
6
25
21
25
27
23
29
23
31
4
6
4
6
4
6
4
6
23
15
23
17
23
29
23
31
4
6
4
6
4
6
4
6
23
16
23
18
23
30
23
32
4
6
4
6
4
6
4
6
25
21
25
27
23
29
23
31
4
6
4
6
4
6
4
6
25
22
25
28
23
30
23
32
4
4
4
6
4
4
4
6
22
16
25
27
18
13
21
19
4
6
4
6
4
6
4
6
25
21
25
27
21
17
21
19
4
4
4
6
4
4
4
6
13
15
15
25
15
6
17
10
4
6
4
6
4
6
4
6
15
19
15
25
17
8
17
10
4
6
4
6
4
6
4
6
25
21
25
27
21
17
21
19
4
6
4
6
4
6
4
6
25
22
25
28
21
18
21
20
4
6
4
6
4
6
4
6
15
19
15
25
17
8
17
10
4
6
4
6
4
6
4
6
15
20
15
26
17
9
17
11
4
6
1
6
1
12
13
15
12
26
2
12
6
2
2
12
14
26
18
23
30
29
31
27
41
1
12
4
20
18
23
20
40
12
21
14
35
37
50
33
78
35
40
42
66
52
57
68
88
77
95
86
126
122
135
134
179
1
1
5
3
5
1
4
2
6
7
6
3
6
8
13
6
1
2
5
6
12
2
16
10
6
9
12
18
22
18
40
3
6
2
9
3
6
2
5
5
12
11
13
5
8
9
15
11
7
3
9
7
13
3
17
15
13
15
26
21
24
19
43
4
6
7
6
6
6
16
13
4
8
7
6
6
9
16
21
16
9
16
17
35
27
31
47
19
15
21
24
40
44
38
60
8
12
11
13
8
8
17
15
8
15
11
13
8
11
17
23
25
18
24
34
39
29
34
53
30
28
32
43
44
47
44
68
6
5
5
8
6
22
6
29
17
14
19
20
25
36
31
61
12
13
13
16
22
34
21
51
33
27
33
35
53
71
52
108
11
15
7
17
7
23
7
31
24
27
30
41
30
39
34
65
22
26
20
32
24
38
23
56
49
48
52
65
61
78
56
115
25
26
37
30
49
60
59
92
37
34
47
48
73
84
90
120
51
52
68
54
100
123
111
161
76
70
87
89
152
170
164
220
39
46
54
56
55
64
64
99
58
61
69
80
80
89
98
129
74
80
93
89
109
131
117
171
106
105
117
130
162
179
173
232
2
2
18
18
2
2
18
18
38
43
41
52
44
44
53
53
2
2
18
18
2
2
18
18
44
44
53
53
44
44
53
53
63
74
88
104
75
75
103
107
151
160
177
198
166
170
197
208
75
75
108
108
75
75
108
108
172
172
212
212
172
172
212
212
9
10
8
12
7
9
25
28
10
10
13
13
11
12
28
29
24
19
28
31
50
56
62
76
25
25
33
33
61
62
77
78
14
17
15
22
10
13
27
30
19
20
23
24
15
16
31
32
36
32
49
55
55
61
70
84
42
43
57
58
67
68
86
87
10
10
13
13
12
12
29
29
10
10
13
13
12
12
29
29
25
25
33
33
62
62
78
78
25
25
33
33
62
62
78
78
20
20
24
24
16
16
32
32
20
20
24
24
16
16
32
32
43
43
58
58
68
68
87
87
43
43
58
58
68
68
87
87
46
45
59
62
87
103
122
145
51
51
66
66
108
109
143
149
90
91
106
109
189
201
221
251
102
98
119
115
215
218
252
264
70
74
93
103
96
112
132
156
84
85
106
108
118
119
155
161
128
132
150
162
202
216
232
265
151
146
174
171
231
234
267
279
51
51
67
67
109
109
149
151
51
51
67
67
109
109
151
151
102
103
121
122
223
221
268
270
103
103
122
122
223
223
272
272
85
85
108
110
119
119
161
163
85
85
110
110
119
119
163
163
153
152
177
180
239
238
283
286
154
154
182
182
240
240
288
288
22
36
25
44
50
88
52
105
25
44
25
50
58
102
57
113
121
155
128
181
188
226
204
257
140
191
137
203
229
273
227
283
26
56
26
56
66
122
70
128
26
56
26
56
70
128
70
128
151
215
161
221
244
300
254
312
163
221
163
221
256
314
256
314
20
21
19
24
36
52
36
61
47
42
49
48
70
113
77
140
23
24
19
28
40
63
36
71
57
50
56
56
82
132
84
154
34
40
30
43
39
57
39
67
70
70
76
85
79
121
82
149
38
47
30
51
43
68
39
77
84
84
85
99
93
140
91
164
82
76
94
80
148
187
159
221
116
111
126
125
222
265
240
303
103
89
103
97
175
230
173
254
142
135
144
144
273
323
273
343
112
111
127
122
158
196
166
233
153
153
164
173
233
275
250
317
141
132
141
150
187
239
182
268
189
189
192
206
286
333
286
359
24
24
25
28
41
75
39
78
59
56
64
56
92
159
99
170
25
29
25
29
42
77
42
83
66
61
66
62
98
168
102
176
39
47
38
52
44
80
43
84
88
97
95
100
103
168
107
180
41
54
41
58
46
83
46
90
97
105
100
112
110
178
112
188
112
100
115
100
190
264
202
275
156
153
159
151
295
362
307
378
119
105
119
106
204
273
208
281
163
158
163
159
309
379
313
387
154
153
158
156
204
277
213
289
210
219
214
219
313
378
322
395
163
161
166
168
219
287
221
297
219
227
222
234
328
396
330
406
240
254
265
284
260
271
288
303
287
306
290
315
310
325
319
334
276
276
309
309
276
276
309
309
331
331
340
340
331
331
340
340
310
340
326
356
345
360
361
376
328
358
328
358
363
378
363
378
366
366
382
382
366
366
382
382
384
384
384
384
384
384
384
384
137
138
150
155
283
299
319
344
155
147
170
162
315
324
353
367
168
169
172
181
342
365
356
391
188
180
196
188
378
392
400
414
183
189
206
219
297
315
332
360
216
206
239
230
332
341
370
384
226
235
240
261
358
383
373
411
263
254
281
272
397
411
421
435
156
158
172
174
333
331
376
376
158
158
174
174
335
335
380
380
190
192
198
200
401
401
423
423
192
192
200
200
405
405
427
427
219
219
243
245
350
350
393
395
223
223
249
249
354
354
399
399
267
269
285
287
420
422
444
446
273
273
291
291
426
426
450
450
188
188
187
190
379
413
399
438
208
200
211
203
427
441
450
464
195
199
196
200
400
435
406
447
220
212
221
213
449
464
461
476
260
268
262
276
401
437
418
459
297
288
304
295
452
466
473
487
270
283
276
293
423
460
428
472
313
305
323
315
476
491
488
503
210
212
213
215
450
450
473
473
212
212
215
215
454
454
477
477
222
224
223
225
473
473
485
485
224
224
225
225
477
477
489
489
301
303
308
310
475
477
496
498
307
307
314
314
481
481
502
502
318
320
328
330
500
502
512
514
324
324
334
334
506
506
518
518
3
6
2
9
3
6
2
9
5
12
14
16
5
12
15
19
12
10
3
15
12
13
4
21
20
20
20
36
28
28
26
48
3
6
2
9
3
6
2
9
5
12
15
19
5
12
15
19
12
13
4
21
12
13
4
21
28
28
25
44
28
28
25
44
9
12
18
16
10
12
23
19
9
16
18
20
10
17
23
27
35
26
33
44
49
35
43
55
41
41
41
57
56
56
50
72
10
12
23
19
10
12
23
19
10
17
23
27
10
17
23
27
47
34
42
52
47
34
42
52
53
53
50
69
53
53
50
69
12
20
9
25
12
25
11
35
30
36
38
54
39
45
45
70
28
34
26
44
33
42
33
60
62
63
64
86
75
85
74
121
12
23
11
33
12
23
11
33
39
44
43
66
39
44
43
64
32
40
32
57
32
40
32
57
75
75
73
104
73
81
71
110
50
60
68
71
66
74
81
100
74
80
85
101
95
101
111
136
95
104
115
112
123
143
140
161
136
137
141
163
181
191
180
227
64
69
76
82
64
69
78
90
89
94
92
115
89
94
104
125
113
116
125
123
112
130
128
140
154
154
144
175
161
169
158
197
3
6
2
9
3
6
2
9
5
12
15
19
5
12
14
16
12
13
4
21
12
10
3
15
28
28
26
48
20
20
20
36
3
6
2
5
3
6
2
9
5
8
9
15
5
12
11
13
7
13
3
17
11
7
3
9
21
24
19
43
15
13
15
26
10
12
23
19
9
12
18
16
10
17
23
27
9
16
18
20
49
35
43
55
35
26
33
44
56
56
50
72
41
41
41
57
8
8
17
15
8
12
11
13
8
11
17
23
8
15
11
13
39
29
34
53
25
18
24
34
44
47
44
68
30
28
32
43
12
25
11
35
12
20
9
25
39
45
45
72
30
36
38
51
33
42
33
60
28
34
26
44
77
79
76
112
59
65
62
82
7
23
7
31
11
15
7
17
30
39
34
64
24
27
30
38
24
38
23
56
22
26
20
32
60
70
56
101
46
46
50
57
66
74
79
88
50
58
66
69
95
101
95
122
72
78
84
97
116
122
126
128
86
103
105
102
159
161
142
178
124
130
125
145
55
61
58
82
39
43
50
49
77
86
76
106
55
58
61
69
92
98
87
119
63
68
77
68
120
130
105
150
85
85
88
95
15
18
25
32
16
19
33
40
20
21
33
34
21
22
41
42
51
49
62
74
71
72
77
94
60
61
76
77
83
84
97
98
16
19
33
40
16
19
33
40
21
22
41
42
21
22
41
42
68
69
73
90
68
69
73
90
80
81
93
94
80
81
93
94
21
21
34
34
22
22
42
42
21
21
34
34
22
22
42
42
61
61
77
77
84
84
98
98
61
61
77
77
84
84
98
98
22
22
42
42
22
22
42
42
22
22
42
42
22
22
42
42
81
81
94
94
81
81
94
94
81
81
94
94
81
81
94
94
90
98
114
130
115
128
146
170
109
110
133
136
139
140
172
178
165
171
183
201
224
233
241
268
193
190
213
213
257
256
278
286
110
121
125
147
110
121
135
157
132
133
149
155
132
133
159
165
189
197
191
216
202
210
211
236
220
219
225
233
233
232
245
253
110
110
137
139
140
140
179
181
110
110
139
139
140
140
181
181
198
197
222
225
265
264
296
299
199
199
227
227
266
266
301
301
133
133
156
158
133
133
166
168
133
133
158
158
133
133
168
168
228
227
243
246
241
240
263
266
229
229
248
248
242
242
268
268
16
19
33
40
15
18
25
32
21
22
41
42
20
21
33
34
71
72
77
94
51
49
62
74
83
84
97
98
60
61
76
77
10
13
27
30
14
17
15
22
15
16
31
32
19
20
23
24
55
61
70
84
36
32
49
55
67
68
86
87
42
43
57
58
22
22
42
42
21
21
34
34
22
22
42
42
21
21
34
34
84
84
98
98
61
61
77
77
84
84
98
98
61
61
77
77
16
16
32
32
20
20
24
24
16
16
32
32
20
20
24
24
68
68
87
87
43
43
58
58
68
68
87
87
43
43
58
58
115
128
132
156
88
96
110
126
139
140
158
164
107
108
129
132
196
205
194
221
155
161
163
181
229
228
231
239
183
180
193
193
93
109
109
133
67
71
82
92
115
116
132
138
81
82
95
97
152
166
150
183
105
109
113
125
181
184
185
197
128
123
137
134
140
140
165
167
108
108
133
135
140
140
167
167
108
108
135
135
237
236
249
252
188
187
202
205
238
238
254
254
189
189
207
207
116
116
138
140
82
82
97
99
116
116
140
140
82
82
99
99
189
188
201
204
130
129
140
143
190
190
206
206
131
131
145
145
42
49
39
56
52
60
51
71
85
90
93
110
98
128
103
154
48
57
39
66
58
70
51
83
102
106
103
126
115
146
114
171
48
56
47
70
50
56
49
67
100
104
104
130
95
118
97
139
54
64
47
80
56
64
49
77
116
122
115
146
111
134
108
155
139
140
157
153
176
196
190
223
189
194
200
217
244
274
259
310
173
165
172
187
212
237
207
262
232
236
233
256
303
334
298
355
157
148
169
165
156
171
168
193
201
205
204
230
209
232
222
264
189
174
186
200
190
205
185
228
241
247
240
271
261
284
258
305
49
63
48
70
60
82
60
90
108
126
118
134
126
175
137
187
51
70
51
76
62
89
63
96
120
137
123
146
139
189
142
199
56
76
56
87
58
76
58
84
126
147
138
162
121
159
131
171
58
83
59
93
60
83
61
90
139
161
143
174
134
173
136
183
188
193
198
201
232
273
246
285
255
273
265
281
330
379
344
394
204
204
207
213
253
287
256
297
271
288
274
297
351
401
354
411
208
207
223
222
209
238
222
250
268
289
283
307
288
326
301
341
229
221
233
234
230
252
232
262
289
311
293
324
309
348
311
358
49
57
48
72
41
44
38
51
102
107
107
139
75
85
82
102
55
65
48
84
46
49
38
61
118
125
118
156
90
95
92
118
34
50
34
64
31
32
27
36
74
92
77
123
58
54
63
67
37
57
34
74
34
35
27
44
86
106
86
138
70
61
72
81
157
150
169
169
117
125
132
138
200
205
199
231
157
167
168
188
190
177
186
208
147
145
147
170
242
249
238
276
197
202
199
225
113
120
115
147
82
76
92
84
141
159
139
185
104
100
109
113
134
142
131
179
105
86
106
109
170
190
172
224
130
121
134
143
57
77
57
91
47
55
47
65
129
154
141
172
96
115
107
126
59
84
60
97
49
62
50
71
142
168
146
184
108
126
112
138
38
69
38
81
35
35
35
45
96
134
102
154
74
74
82
82
40
72
41
87
37
42
38
51
103
144
107
162
83
82
87
94
210
213
225
231
162
173
173
184
269
294
284
315
220
239
231
250
231
227
235
243
178
184
182
196
290
316
294
332
236
254
240
266
151
180
162
200
118
107
123
115
197
235
208
260
151
151
156
156
166
190
170
208
127
115
131
127
212
253
216
271
160
159
164
171
230
237
254
271
312
320
342
362
268
259
293
287
350
352
382
390
281
290
293
320
379
391
386
418
323
315
342
336
420
426
438
446
249
257
264
287
271
277
294
312
289
283
307
309
305
307
330
338
299
309
306
339
331
339
336
364
342
338
359
361
366
372
382
390
275
275
304
306
368
368
407
409
279
279
310
310
372
372
413
413
332
334
353
355
443
445
463
465
338
338
359
359
449
449
469
469
301
301
328
330
323
323
355
357
305
305
334
334
327
327
361
361
357
359
380
382
389
391
407
409
363
363
386
386
395
395
413
413
318
332
329
351
423
445
441
471
366
358
382
376
476
482
500
508
338
357
344
369
451
478
457
490
392
385
402
397
510
517
521
530
339
359
358
389
371
389
388
414
394
390
418
420
418
424
441
449
367
392
374
408
399
422
404
433
428
425
439
442
452
459
462
471
375
377
393
395
499
501
525
527
381
381
399
399
505
505
531
531
402
404
414
416
534
536
547
549
408
408
420
420
540
540
553
553
409
411
439
441
441
443
466
468
415
415
445
445
447
447
472
472
444
446
461
463
476
478
488
490
450
450
467
467
482
482
494
494
250
258
266
290
198
201
219
232
291
285
311
313
229
224
251
249
302
312
310
346
243
246
256
279
346
342
367
369
275
271
298
296
183
199
198
228
126
127
140
149
218
220
237
247
152
143
166
159
219
239
236
276
156
157
171
188
257
261
285
295
183
174
205
198
303
303
332
334
238
238
264
266
307
307
338
338
242
242
270
270
361
363
388
390
286
288
311
313
367
367
394
394
292
292
317
317
229
229
256
258
154
154
170
172
233
233
262
262
158
158
176
176
270
272
304
306
185
187
209
211
276
276
310
310
191
191
215
215
346
366
365
399
280
288
292
310
402
398
429
431
318
314
338
336
374
399
381
418
300
313
307
328
436
433
450
453
344
341
358
357
262
293
281
324
190
190
193
203
312
316
337
347
217
208
228
221
284
316
291
337
200
205
207
220
336
341
352
363
233
225
247
241
417
419
450
452
329
331
351
353
423
423
456
456
335
335
357
357
452
454
472
474
356
358
372
374
458
458
478
478
362
362
378
378
325
327
356
358
219
221
232
234
331
331
362
362
225
225
238
238
350
352
372
374
236
238
252
254
356
356
378
378
242
242
258
258
2
2
4
1
2
4
1
2
4
1
4
6
1
1
6
6
1
1
6
6
1
1
6
6
1
1
1
1
1
1
2
1
2
8
1
1
2
2
4
1
1
5
8
8
20
5
1
7
3
1
5
1
1
2
6
4
15
4
6
2
3
1
3
1
9
4
2
4
4
2
2
11
13
13
23
9
2
10
4
4
4
4
4
2
2
13
17
13
23
10
2
10
4
5
9
6
17
7
8
2
6
11
6
17
8
8
2
4
4
4
4
2
2
13
17
13
23
10
2
10
4
4
4
4
4
2
2
13
18
13
24
10
2
10
4
6
11
6
17
8
8
2
6
11
6
17
8
8
2
2
5
2
10
2
6
2
10
2
6
2
10
2
6
2
10
3
5
1
4
1
1
5
3
6
8
13
2
6
7
6
6
12
2
16
6
1
2
5
18
22
18
40
10
6
9
12
4
4
6
4
6
4
1
6
1
12
5
1
4
13
15
12
26
7
4
8
9
6
6
16
13
4
6
7
6
6
9
16
21
4
8
7
6
35
27
31
47
16
9
16
17
40
44
38
60
19
15
21
24
2
12
6
2
4
6
4
2
2
12
14
2
6
6
4
26
18
23
30
12
7
13
11
29
31
27
41
15
12
15
16
6
22
6
29
6
5
5
8
25
36
31
60
17
14
19
17
22
34
21
51
12
13
13
16
52
63
52
94
30
25
31
27
1
12
4
20
5
4
4
6
18
23
20
39
12
11
16
13
12
21
14
35
10
9
11
11
36
42
33
64
22
18
27
20
49
57
53
75
25
23
33
23
70
81
68
97
34
31
39
37
83
90
81
109
40
40
52
33
110
121
96
138
55
50
58
54
35
37
36
49
19
19
28
16
49
54
46
65
27
26
31
28
60
62
56
74
31
32
46
23
80
86
66
97
45
41
49
42
1
3
3
1
6
8
8
7
16
1
3
1
5
1
3
1
5
3
1
1
5
7
16
10
14
20
1
1
2
5
18
18
18
27
2
2
4
6
3
1
4
9
1
1
1
3
4
4
8
12
2
2
1
3
7
2
12
2
1
12
14
12
26
1
3
3
4
6
13
8
23
1
3
1
3
23
27
21
43
4
6
5
7
2
3
2
1
3
4
5
10
2
2
4
1
5
1
8
1
2
1
2
8
11
8
16
2
4
4
6
24
23
22
34
2
6
7
7
33
35
30
44
5
7
10
11
39
38
34
51
5
9
9
10
50
54
42
64
8
10
12
14
9
9
9
15
1
5
5
5
14
15
14
19
4
6
6
8
14
16
12
21
3
7
7
7
19
22
17
25
6
8
8
10
7
9
25
28
9
10
8
12
11
12
28
29
10
10
13
13
50
56
62
76
24
19
28
31
61
62
77
78
25
25
33
33
2
2
18
18
6
6
6
10
2
2
18
18
6
6
10
10
38
43
41
52
19
14
20
23
44
44
53
53
19
19
24
24
12
12
29
29
10
10
13
13
12
12
29
29
10
10
13
13
62
62
78
78
25
25
33
33
62
62
78
78
25
25
33
33
2
2
18
18
6
6
10
10
2
2
18
18
6
6
10
10
44
44
53
53
19
19
24
24
44
44
53
53
19
19
24
24
84
100
99
122
43
42
48
51
105
106
120
126
48
48
55
55
139
151
139
169
67
68
69
72
165
168
170
182
79
75
82
78
60
71
65
81
34
33
38
40
72
72
80
84
38
38
43
43
101
110
95
116
54
53
58
58
116
120
115
126
63
59
67
63
106
106
126
128
48
48
56
56
106
106
128
128
48
48
56
56
173
171
186
188
79
80
84
85
173
173
190
190
80
80
85
85
72
72
85
85
38
38
44
44
72
72
85
85
38
38
44
44
122
122
130
130
63
63
69
69
122
122
130
130
63
63
69
69
1
1
8
8
1
1
8
8
23
26
28
33
2
2
7
7
26
26
34
34
2
2
7
7
4
4
13
13
2
2
4
4
4
4
13
13
2
2
4
4
1
1
8
8
1
1
8
8
26
26
34
34
2
2
7
7
26
26
34
34
2
2
7
7
4
4
13
13
2
2
4
4
4
4
13
13
2
2
4
4
40
47
44
54
6
8
13
14
47
47
53
56
8
8
14
14
64
71
62
77
11
13
16
18
74
76
76
84
14
14
19
19
16
18
21
24
4
6
9
10
18
18
24
24
6
6
10
10
25
29
25
32
8
9
12
13
30
30
33
33
10
10
14
14
47
47
56
56
8
8
14
14
47
47
56
56
8
8
14
14
77
77
85
85
14
14
19
19
77
77
85
85
14
14
19
19
18
18
24
24
6
6
10
10
18
18
24
24
6
6
10
10
30
30
33
33
10
10
14
14
30
30
33
33
10
10
14
14
31
43
31
56
17
16
16
19
65
82
70
112
38
29
38
32
34
49
31
66
19
16
16
23
75
95
77
126
46
31
45
40
17
24
20
37
14
11
13
13
42
54
43
75
29
21
33
23
19
26
20
43
16
11
13
17
48
61
48
83
35
23
38
30
103
109
106
133
55
44
61
44
130
147
127
169
70
61
73
67
122
130
120
163
70
47
70
58
157
177
157
206
86
71
88
83
73
74
73
91
45
35
54
32
93
105
89
121
59
51
63
53
84
87
82
110
58
38
61
44
110
123
109
144
73
61
75
67
35
61
34
73
20
16
22
23
85
122
92
142
48
37
53
40
36
63
37
78
21
21
22
24
91
131
95
148
55
42
55
46
20
38
21
49
17
11
18
17
56
81
61
98
37
28
45
30
20
38
21
49
17
15
18
17
60
87
61
98
43
32
45
34
137
164
149
184
79
58
82
61
179
216
191
241
100
89
103
90
151
173
155
190
86
63
86
67
193
233
197
250
107
94
107
98
95
111
106
128
65
45
71
47
125
150
136
173
82
73
88
73
107
117
108
128
71
49
73
51
137
164
138
175
88
77
90
79
9
15
11
24
1
3
1
3
27
34
26
50
4
6
6
8
9
16
11
28
1
3
1
5
30
39
30
56
5
6
7
11
1
5
1
8
1
2
1
2
8
11
9
19
2
4
5
7
1
5
1
10
1
2
1
4
11
13
12
23
2
4
5
9
46
45
43
60
5
9
10
11
57
64
53
77
8
10
13
15
52
54
51
73
9
10
11
16
67
76
68
94
13
14
16
20
14
16
13
24
3
7
8
8
19
22
18
28
6
8
9
11
18
19
19
32
6
8
8
12
24
26
28
39
10
12
11
15
10
22
11
31
1
3
1
5
36
52
38
64
6
9
7
11
10
22
11
31
1
3
1
5
37
55
38
64
6
9
7
11
1
5
1
10
1
2
1
4
12
18
12
23
3
7
5
9
1
5
1
10
1
2
1
4
12
18
12
23
3
7
5
9
61
71
66
83
11
15
12
17
80
96
85
111
17
20
18
22
66
74
67
83
11
15
12
17
85
103
86
112
17
20
18
22
22
28
22
33
7
11
9
13
32
38
32
43
11
15
13
17
22
28
22
33
7
11
9
13
32
38
32
43
11
15
13
17
169
181
183
208
83
82
86
89
199
201
216
226
97
90
101
95
203
218
217
252
101
98
105
112
235
239
260
270
115
107
124
118
123
130
127
144
69
66
73
73
138
142
147
158
80
73
84
78
145
152
149
172
85
80
88
92
160
165
175
186
96
88
103
97
210
208
235
235
97
99
103
105
212
212
239
239
99
99
105
105
248
248
279
279
115
117
126
128
252
252
283
283
117
117
128
128
147
147
164
164
80
80
86
86
147
147
164
164
80
80
86
86
171
171
192
192
96
96
105
105
171
171
192
192
96
96
105
105
240
266
260
299
121
117
120
121
284
288
310
320
135
127
139
133
261
288
267
308
128
128
129
131
306
311
321
332
147
139
149
143
168
186
185
213
99
93
101
100
195
200
217
228
110
102
116
110
186
204
187
215
105
103
107
106
213
218
219
230
120
112
122
116
297
297
329
329
135
137
141
143
301
301
333
333
137
137
143
143
320
320
341
341
147
149
151
153
324
324
345
345
149
149
153
153
206
206
234
234
110
110
118
118
206
206
234
234
110
110
118
118
224
224
236
236
120
120
124
124
224
224
236
236
120
120
124
124
76
82
79
92
11
13
18
20
86
89
93
101
14
14
21
21
90
97
96
113
16
18
22
26
100
104
114
122
19
19
27
27
25
29
29
36
8
9
14
15
30
30
37
37
10
10
16
16
32
36
41
50
12
13
16
19
37
37
51
51
14
14
20
20
91
91
103
103
14
14
21
21
91
91
103
103
14
14
21
21
106
106
124
124
19
19
27
27
106
106
124
124
19
19
27
27
30
30
37
37
10
10
16
16
30
30
37
37
10
10
16
16
37
37
51
51
14
14
20
20
37
37
51
51
14
14
20
20
110
122
118
138
23
25
24
28
126
130
139
147
26
26
29
29
118
130
119
139
23
25
24
28
134
138
140
148
26
26
29
29
45
49
45
54
16
17
18
21
50
50
55
55
18
18
22
22
45
49
45
54
16
17
18
21
50
50
55
55
18
18
22
22
132
132
149
149
26
26
29
29
132
132
149
149
26
26
29
29
140
140
150
150
26
26
29
29
140
140
150
150
26
26
29
29
50
50
55
55
18
18
22
22
50
50
55
55
18
18
22
22
50
50
55
55
18
18
22
22
50
50
55
55
18
18
22
22
1
1
2
4
1
1
5
6
1
2
2
2
4
2
4
4
5
4
7
6
3
4
7
7
7
7
9
8
6
6
10
9
10
9
12
1
1
6
6
1
1
6
6
1
1
6
6
1
1
6
6
9
9
10
11
9
9
11
11
12
14
12
16
14
14
16
16
9
9
11
11
9
9
11
11
14
14
16
16
14
14
16
16
2
4
4
5
4
8
2
4
6
7
6
10
8
6
6
11
9
10
9
13
10
8
11
14
11
12
15
19
2
4
6
8
6
10
2
4
6
8
6
10
12
12
12
14
16
18
16
20
12
12
12
14
16
18
16
20
12
14
13
17
14
14
17
17
16
18
21
25
18
18
25
25
14
14
17
17
14
14
17
17
18
18
25
25
18
18
25
25
22
24
22
26
24
24
26
26
22
24
22
26
24
24
26
26
24
24
26
26
24
24
26
26
24
24
26
26
24
24
26
26
1
1
6
6
1
1
6
6
7
7
7
7
7
7
7
7
1
1
6
4
1
4
2
7
5
7
5
5
2
5
2
1
4
2
1
4
2
5
2
5
2
5
2
5
2
2
2
2
7
7
7
7
7
7
7
7
7
7
7
7
7
7
7
7
7
5
7
5
5
2
5
2
7
5
7
5
5
2
5
2
7
7
7
7
7
7
7
7
7
7
7
7
7
7
7
7
7
5
7
5
5
2
5
2
7
5
7
5
5
2
5
2
5
2
5
2
5
2
5
2
5
2
5
2
5
2
5
2
2
2
2
2
5
2
5
2
5
2
5
2
5
2
5
2
5
2
5
2
2
2
2
2
2
2
18
18
2
2
18
18
44
44
53
53
44
44
53
53
2
2
18
18
2
2
14
12
43
38
52
41
31
29
41
27
75
75
108
108
75
75
107
103
172
172
212
212
170
166
208
197
74
63
104
88
57
52
88
68
160
151
198
177
135
122
179
134
10
10
13
13
12
12
29
29
10
10
13
13
12
11
29
28
25
25
33
33
62
62
78
78
25
25
33
33
62
61
78
77
20
20
24
24
16
16
32
32
20
19
24
23
16
15
32
31
43
43
58
58
68
68
87
87
43
42
58
57
68
67
87
86
10
9
12
8
9
7
28
25
8
4
6
7
9
6
21
16
19
24
31
28
56
50
76
62
15
19
24
21
44
40
60
38
17
14
22
15
13
10
30
27
15
8
13
11
11
8
23
17
32
36
55
49
61
55
84
70
28
30
43
32
47
44
68
44
51
51
67
67
109
109
151
149
51
51
66
66
109
108
149
143
103
102
122
121
221
223
270
268
98
102
115
119
218
215
264
252
85
85
110
108
119
119
163
161
85
84
108
106
119
118
161
155
152
153
180
177
238
239
286
283
146
151
171
174
234
231
279
267
45
46
62
59
103
87
145
122
34
37
48
47
84
73
120
90
91
90
109
106
201
189
251
221
70
76
89
87
170
152
220
164
74
70
103
93
112
96
156
132
61
58
80
69
89
80
129
98
132
128
162
150
216
202
265
232
105
106
130
117
179
162
232
173
2
6
12
6
4
18
26
30
23
15
13
26
12
6
1
12
1
40
35
66
42
23
18
40
20
95
77
126
86
50
37
78
33
12
1
20
4
5
1
21
12
35
14
6
2
15
4
6
4
6
7
6
6
13
16
6
2
6
7
6
3
13
8
9
16
17
16
27
35
47
31
6
10
12
9
22
18
40
18
12
8
13
11
8
8
15
17
12
5
13
11
8
5
15
9
18
25
34
24
29
39
53
34
13
15
26
15
24
21
43
19
1
5
1
5
3
4
1
1
1
1
6
5
2
12
6
16
2
1
1
6
3
9
2
6
3
5
2
1
1
1
1
7
11
9
3
13
7
17
3
1
1
1
1
26
25
30
37
60
49
92
59
14
17
20
19
36
25
61
31
52
51
54
68
123
100
161
111
27
33
35
33
71
53
108
52
46
39
56
54
64
55
99
64
27
24
41
30
39
30
65
34
80
74
89
93
131
109
171
117
48
49
65
52
78
61
115
56
5
6
8
5
22
6
29
6
1
1
1
8
2
13
12
16
13
34
22
51
21
1
5
3
7
8
5
20
8
15
11
17
7
23
7
31
7
1
4
2
1
8
2
26
22
32
20
38
24
56
23
3
8
8
11
9
6
21
9
276
276
309
309
271
260
303
288
331
331
340
340
325
310
334
319
254
240
284
265
226
188
257
204
306
287
315
290
273
229
283
227
366
366
382
382
360
345
376
361
384
384
384
384
378
363
378
363
340
310
356
326
300
244
312
254
358
328
358
328
314
256
314
256
158
156
174
172
331
333
376
376
147
155
162
170
324
315
367
353
192
190
200
198
401
401
423
423
180
188
188
196
392
378
414
400
219
219
245
243
350
350
395
393
206
216
230
239
341
332
384
370
269
267
287
285
422
420
446
444
254
263
272
281
411
397
435
421
138
137
155
150
299
283
344
319
111
116
125
126
265
222
303
240
169
168
181
172
365
342
391
356
135
142
144
144
323
273
343
273
189
183
219
206
315
297
360
332
153
153
173
164
275
233
317
250
235
226
261
240
383
358
411
373
189
189
206
192
333
286
359
286
212
210
215
213
450
450
473
473
200
208
203
211
441
427
464
450
224
222
225
223
473
473
485
485
212
220
213
221
464
449
476
461
303
301
310
308
477
475
498
496
288
297
295
304
466
452
487
473
320
318
330
328
502
500
514
512
305
313
315
323
491
476
503
488
188
188
190
187
413
379
438
399
153
156
151
159
362
295
378
307
199
195
200
196
435
400
447
406
158
163
159
163
379
309
387
313
268
260
276
262
437
401
459
418
219
210
219
214
378
313
395
322
283
270
293
276
460
423
472
428
227
219
234
222
396
328
406
330
155
121
181
128
88
50
105
52
191
140
203
137
102
58
113
57
36
22
44
25
16
5
21
6
44
25
50
25
21
6
21
6
215
151
221
161
122
66
128
70
221
163
221
163
128
70
128
70
56
26
56
26
21
6
21
6
56
26
56
26
21
6
21
6
76
82
80
94
187
148
221
159
42
47
48
49
113
70
140
77
89
103
97
103
230
175
254
173
50
57
56
56
132
82
154
84
111
112
122
127
196
158
233
166
70
70
85
76
121
79
149
82
132
141
150
141
239
187
268
182
84
84
99
85
140
93
164
91
21
20
24
19
52
36
61
36
3
11
4
12
20
11
27
13
24
23
28
19
63
40
71
36
4
12
4
12
27
13
27
13
40
34
43
30
57
39
67
39
7
17
10
19
22
13
29
15
47
38
51
30
68
43
77
39
10
19
10
19
29
15
29
15
100
112
100
115
264
190
275
202
56
59
56
64
159
92
170
99
105
119
106
119
273
204
281
208
61
66
62
66
168
98
176
102
153
154
156
158
277
204
289
213
97
88
100
95
168
103
180
107
161
163
168
166
287
219
297
221
105
97
112
100
178
110
188
112
24
24
28
25
75
41
78
39
4
12
4
12
27
13
27
13
29
25
29
25
77
42
83
42
4
12
4
12
28
13
28
13
47
39
52
38
80
44
84
43
10
19
10
19
29
15
29
15
54
41
58
41
83
46
90
46
11
19
11
19
30
15
30
15
21
21
34
34
22
22
42
42
21
20
34
33
22
21
42
41
61
61
77
77
84
84
98
98
61
60
77
76
84
83
98
97
22
22
42
42
22
22
42
42
22
21
42
41
22
21
42
41
81
81
94
94
81
81
94
94
81
80
94
93
81
80
94
93
18
15
32
25
19
16
40
33
16
9
20
18
17
10
27
23
49
51
74
62
72
71
94
77
41
41
57
41
56
56
72
50
19
16
40
33
19
16
40
33
17
10
27
23
17
10
27
23
69
68
90
73
69
68
90
73
53
53
69
50
53
53
69
50
110
110
139
137
140
140
181
179
110
109
136
133
140
139
178
172
197
198
225
222
264
265
299
296
190
193
213
213
256
257
286
278
133
133
158
156
133
133
168
166
133
132
155
149
133
132
165
159
227
228
246
243
240
241
266
263
219
220
233
225
232
233
253
245
98
90
130
114
128
115
170
146
80
74
101
85
101
95
136
111
171
165
201
183
233
224
268
241
137
136
163
141
191
181
227
180
121
110
147
125
121
110
157
135
94
89
115
92
94
89
125
104
197
189
216
191
210
202
236
211
154
154
175
144
169
161
197
158
22
22
42
42
21
21
34
34
22
21
42
41
21
20
34
33
84
84
98
98
61
61
77
77
84
83
98
97
61
60
77
76
16
16
32
32
20
20
24
24
16
15
32
31
20
19
24
23
68
68
87
87
43
43
58
58
68
67
87
86
43
42
58
57
19
16
40
33
18
15
32
25
17
10
27
23
16
9
20
18
72
71
94
77
49
51
74
62
56
56
72
50
41
41
57
41
13
10
30
27
17
14
22
15
11
8
23
17
15
8
13
11
61
55
84
70
32
36
55
49
47
44
68
44
28
30
43
32
140
140
167
165
108
108
135
133
140
139
164
158
108
107
132
129
236
237
252
249
187
188
205
202
228
229
239
231
180
183
193
193
116
116
140
138
82
82
99
97
116
115
138
132
82
81
97
95
188
189
204
201
129
130
143
140
184
181
197
185
123
128
134
137
128
115
156
132
96
88
126
110
101
95
122
95
78
72
97
84
205
196
221
194
161
155
181
163
161
159
178
142
130
124
145
125
109
93
133
109
71
67
92
82
86
77
106
76
58
55
69
61
166
152
183
150
109
105
125
113
130
120
150
105
85
85
95
88
12
9
16
18
12
10
19
23
12
5
16
14
12
5
19
15
26
35
44
33
35
49
55
43
20
20
36
20
28
28
48
26
12
10
19
23
12
10
19
23
12
5
19
15
12
5
19
15
34
47
52
42
34
47
52
42
28
28
44
25
28
28
44
25
6
3
9
2
6
3
9
2
1
1
1
1
10
12
15
3
13
12
21
4
1
1
1
1
6
3
9
2
6
3
9
2
1
1
1
1
13
12
21
4
13
12
21
4
1
1
1
1
60
50
71
68
74
66
100
81
36
30
54
38
45
39
70
45
104
95
112
115
143
123
161
140
63
62
86
64
85
75
121
74
69
64
82
76
69
64
90
78
44
39
66
43
44
39
64
43
116
113
123
125
130
112
140
128
75
75
104
73
81
73
110
71
20
12
25
9
25
12
35
11
1
6
3
1
9
3
34
28
44
26
42
33
60
33
6
9
14
14
9
10
23
15
23
12
33
11
23
12
33
11
1
9
3
1
9
3
40
32
57
32
40
32
57
32
9
10
23
15
9
10
23
15
12
10
19
23
12
9
16
18
12
5
19
15
12
5
16
14
35
49
55
43
26
35
44
33
28
28
48
26
20
20
36
20
8
8
15
17
12
8
13
11
8
5
15
9
12
5
13
11
29
39
53
34
18
25
34
24
24
21
43
19
13
15
26
15
6
3
9
2
6
3
9
2
1
1
1
1
13
12
21
4
10
12
15
3
1
1
1
1
6
3
5
2
6
3
9
2
1
1
1
1
13
7
17
3
7
11
9
3
1
1
1
1
74
66
88
79
58
50
69
66
45
39
72
45
36
30
51
38
122
116
128
126
103
86
102
105
79
77
112
76
65
59
82
62
61
55
82
58
43
39
49
50
39
30
64
34
27
24
38
30
98
92
119
87
68
63
68
77
70
60
101
56
46
46
57
50
25
12
35
11
20
12
25
9
1
9
3
1
6
3
42
33
60
33
34
28
44
26
9
10
23
15
6
9
14
14
23
7
31
7
15
11
17
7
1
8
2
1
4
2
38
24
56
23
26
22
32
20
9
6
21
9
3
8
8
11
275
275
306
304
368
368
409
407
259
268
287
293
352
350
390
382
334
332
355
353
445
443
465
463
315
323
336
342
426
420
446
438
301
301
330
328
323
323
357
355
283
289
309
307
307
305
338
330
359
357
382
380
391
389
409
407
338
342
361
359
372
366
390
382
237
230
271
254
320
312
362
342
194
189
217
200
274
244
310
259
290
281
320
293
391
379
418
386
236
232
256
233
334
303
355
298
257
249
287
264
277
271
312
294
205
201
230
204
232
209
264
222
309
299
339
306
339
331
364
336
247
241
271
240
284
261
305
258
377
375
395
393
501
499
527
525
358
366
376
382
482
476
508
500
404
402
416
414
536
534
549
547
385
392
397
402
517
510
530
521
411
409
441
439
443
441
468
466
390
394
420
418
424
418
449
441
446
444
463
461
478
476
490
488
425
428
442
439
459
452
471
462
332
318
351
329
445
423
471
441
273
255
281
265
379
330
394
344
357
338
369
344
478
451
490
457
288
271
297
274
401
351
411
354
359
339
389
358
389
371
414
388
289
268
307
283
326
288
341
301
392
367
408
374
422
399
433
404
311
289
324
293
348
309
358
311
303
303
334
332
238
238
266
264
285
291
313
311
224
229
249
251
363
361
390
388
288
286
313
311
342
346
369
367
271
275
296
298
229
229
258
256
154
154
172
170
220
218
247
237
143
152
159
166
272
270
306
304
187
185
211
209
261
257
295
285
174
183
198
205
258
250
290
266
201
198
232
219
205
200
231
199
167
157
188
168
312
302
346
310
246
243
279
256
249
242
276
238
202
197
225
199
199
183
228
198
127
126
149
140
159
141
185
139
100
104
113
109
239
219
276
236
157
156
188
171
190
170
224
172
121
130
143
134
419
417
452
450
331
329
353
351
398
402
431
429
314
318
336
338
454
452
474
472
358
356
374
372
433
436
453
450
341
344
357
358
327
325
358
356
221
219
234
232
316
312
347
337
208
217
221
228
352
350
374
372
238
236
254
252
341
336
363
352
225
233
241
247
366
346
399
365
288
280
310
292
294
269
315
284
239
220
250
231
399
374
418
381
313
300
328
307
316
290
332
294
254
236
266
240
293
262
324
281
190
190
203
193
235
197
260
208
151
151
156
156
316
284
337
291
205
200
220
207
253
212
271
216
159
160
171
164
140
139
153
157
196
176
223
190
90
85
110
93
128
98
154
103
165
173
187
172
237
212
262
207
106
102
126
103
146
115
171
114
148
157
165
169
171
156
193
168
104
100
130
104
118
95
139
97
174
189
200
186
205
190
228
185
122
116
146
115
134
111
155
108
49
42
56
39
60
52
71
51
11
20
17
23
22
20
31
23
57
48
66
39
70
58
83
51
15
23
17
23
29
23
31
23
56
48
70
47
56
50
67
49
16
22
27
25
22
20
31
23
64
54
80
47
64
56
77
49
21
25
27
25
29
23
31
23
193
188
201
198
273
232
285
246
126
108
134
118
175
126
187
137
204
204
213
207
287
253
297
256
137
120
146
123
189
139
199
142
207
208
222
223
238
209
250
222
147
126
162
138
159
121
171
131
221
229
234
233
252
230
262
232
161
139
174
143
173
134
183
136
63
49
70
48
82
60
90
60
15
23
17
23
29
23
31
23
70
51
76
51
89
62
96
63
16
23
18
23
30
23
32
23
76
56
87
56
76
58
84
58
21
25
27
25
29
23
31
23
83
58
93
59
83
60
90
61
22
25
28
25
30
23
32
23
150
157
169
169
125
117
138
132
107
102
139
107
85
75
102
82
177
190
208
186
145
147
170
147
125
118
156
118
95
90
118
92
120
113
147
115
76
82
84
92
92
74
123
77
54
58
67
63
142
134
179
131
86
105
109
106
106
86
138
86
61
70
81
72
57
49
72
48
44
41
51
38
16
22
27
25
13
18
19
21
65
55
84
48
49
46
61
38
21
25
27
25
17
21
19
21
50
34
64
34
32
31
36
27
15
13
25
15
6
15
10
17
57
37
74
34
35
34
44
27
19
15
25
15
8
17
10
17
213
210
231
225
173
162
184
173
154
129
172
141
115
96
126
107
227
231
243
235
184
178
196
182
168
142
184
146
126
108
138
112
180
151
200
162
107
118
115
123
134
96
154
102
74
74
82
82
190
166
208
170
115
127
127
131
144
103
162
107
82
83
94
87
77
57
91
57
55
47
65
47
21
25
27
25
17
21
19
21
84
59
97
60
62
49
71
50
22
25
28
25
18
21
20
21
69
38
81
38
35
35
45
35
19
15
25
15
8
17
10
17
72
40
87
41
42
37
51
38
20
15
26
15
9
17
11
17
2
1
1
2
4
2
2
2
1
2
5
2
1
2
5
2
2
2
2
4
4
4
2
2
4
4
4
4
4
4
6
4
4
4
6
4
6
4
6
4
6
4
6
4
2
2
4
4
4
4
2
2
4
4
4
4
6
4
6
4
6
4
6
4
6
4
6
4
6
4
6
4
2
2
1
2
5
2
1
2
5
2
2
2
1
2
5
2
1
2
5
2
2
2
1
2
5
2
1
2
5
2
2
2
1
2
5
2
1
2
5
2
4
4
6
4
4
4
6
4
6
4
6
4
6
4
6
4
4
4
6
4
4
4
6
4
6
4
6
4
6
4
6
4
6
4
6
4
6
4
6
4
6
4
6
4
6
4
6
4
6
4
6
4
6
4
6
4
6
4
6
4
6
4
6
4
4
4
6
4
4
4
6
4
6
4
6
4
6
4
6
4
4
4
6
4
4
4
6
4
6
4
6
4
6
4
6
4
6
4
6
4
6
4
6
4
6
4
6
4
6
4
6
4
6
4
6
4
6
4
6
4
6
4
6
4
6
4
6
4
6
6
1
1
6
6
1
1
6
4
1
1
4
2
1
4
2
1
4
2
1
2
12
12
29
29
10
10
13
13
12
11
29
28
10
10
13
13
62
62
78
78
25
25
33
33
62
61
78
77
25
25
33
33
2
2
18
18
6
6
10
10
2
2
18
18
6
6
10
10
44
44
53
53
19
19
24
24
44
44
53
53
19
19
24
24
9
7
28
25
10
9
12
8
9
6
21
16
8
4
6
7
56
50
76
62
19
24
31
28
44
40
60
38
15
19
24
21
2
2
18
18
6
6
10
6
2
2
14
12
6
2
4
6
43
38
52
41
14
19
23
20
31
29
41
27
12
15
16
15
106
106
128
126
48
48
56
56
106
105
126
120
48
48
55
55
171
173
188
186
80
79
85
84
168
165
182
170
75
79
78
82
72
72
85
85
38
38
44
44
72
72
84
80
38
38
43
43
122
122
130
130
63
63
69
69
120
116
126
115
59
63
63
67
100
84
122
99
42
43
51
48
81
70
97
68
31
34
37
39
151
139
169
139
68
67
72
69
121
110
138
96
50
55
54
58
71
60
81
65
33
34
40
38
54
49
65
46
26
27
28
31
110
101
116
95
53
54
58
58
86
80
97
66
41
45
42
49
1
1
8
8
1
1
8
8
26
26
34
34
2
2
7
7
26
26
34
34
2
2
7
7
4
4
13
13
2
2
4
4
4
4
13
13
2
2
4
4
1
1
8
8
1
1
7
5
26
23
33
28
2
2
7
7
18
18
27
18
2
2
6
4
4
4
13
13
2
2
4
4
4
4
12
8
2
2
3
1
47
47
56
56
8
8
14
14
47
47
56
53
8
8
14
14
77
77
85
85
14
14
19
19
76
74
84
76
14
14
19
19
18
18
24
24
6
6
10
10
18
18
24
24
6
6
10
10
30
30
33
33
10
10
14
14
30
30
33
33
10
10
14
14
47
40
54
44
8
6
14
13
35
33
44
30
7
5
11
10
71
64
77
62
13
11
18
16
54
50
64
42
10
8
14
12
18
16
24
21
6
4
10
9
15
14
19
14
6
4
8
6
29
25
32
25
9
8
13
12
22
19
25
17
8
6
10
8
6
6
13
16
6
4
6
7
6
3
13
8
6
2
6
7
27
35
47
31
9
16
17
16
22
18
40
18
6
10
12
9
2
6
12
4
2
4
6
6
4
4
4
6
18
26
30
23
7
12
11
13
15
13
26
12
4
7
9
8
5
3
4
1
1
5
1
1
1
12
6
16
2
1
6
5
2
1
1
4
6
1
12
1
5
4
1
57
49
75
53
23
25
23
33
36
25
60
31
14
17
17
19
90
83
109
81
40
40
33
52
63
52
94
52
25
30
27
31
37
35
49
36
19
19
16
28
23
18
39
20
11
12
13
16
62
60
74
56
32
31
23
46
42
36
64
33
18
22
20
27
22
6
29
6
5
6
8
5
1
8
2
1
1
34
22
51
21
13
12
16
13
8
5
20
8
1
5
3
7
12
1
20
4
4
5
6
4
5
1
1
1
21
12
35
14
9
10
11
11
6
2
15
4
4
2
6
1
3
5
3
1
10
16
20
14
1
1
5
2
8
8
16
7
3
1
1
3
9
4
1
1
3
1
5
1
3
1
3
6
1
23
24
34
22
6
2
7
7
14
12
26
12
3
1
4
3
38
39
51
34
9
5
10
9
27
23
43
21
6
4
7
5
9
9
15
9
5
1
5
5
4
3
10
5
2
4
2
16
14
21
12
7
3
7
7
11
8
16
8
4
2
6
4
7
12
2
2
1
3
13
6
23
8
3
1
3
1
3
1
9
1
2
3
2
1
5
1
8
1
2
1
2
1
208
210
235
235
99
97
105
103
201
199
226
216
90
97
95
101
248
248
279
279
117
115
128
126
239
235
270
260
107
115
118
124
147
147
164
164
80
80
86
86
142
138
158
147
73
80
78
84
171
171
192
192
96
96
105
105
165
160
186
175
88
96
97
103
181
169
208
183
82
83
89
86
147
130
169
127
61
70
67
73
218
203
252
217
98
101
112
105
177
157
206
157
71
86
83
88
130
123
144
127
66
69
73
73
105
93
121
89
51
59
53
63
152
145
172
149
80
85
92
88
123
110
144
109
61
73
67
75
297
297
329
329
137
135
143
141
288
284
320
310
127
135
133
139
320
320
341
341
149
147
153
151
311
306
332
321
139
147
143
149
206
206
234
234
110
110
118
118
200
195
228
217
102
110
110
116
224
224
236
236
120
120
124
124
218
213
230
219
112
120
116
122
266
240
299
260
117
121
121
120
216
179
241
191
89
100
90
103
288
261
308
267
128
128
131
129
233
193
250
197
94
107
98
107
186
168
213
185
93
99
100
101
150
125
173
136
73
82
73
88
204
186
215
187
103
105
106
107
164
137
175
138
77
88
79
90
91
91
103
103
14
14
21
21
89
86
101
93
14
14
21
21
106
106
124
124
19
19
27
27
104
100
122
114
19
19
27
27
30
30
37
37
10
10
16
16
30
30
37
37
10
10
16
16
37
37
51
51
14
14
20
20
37
37
51
51
14
14
20
20
82
76
92
79
13
11
20
18
64
57
77
53
10
8
15
13
97
90
113
96
18
16
26
22
76
67
94
68
14
13
20
16
29
25
36
29
9
8
15
14
22
19
28
18
8
6
11
9
36
32
50
41
13
12
19
16
26
24
39
28
12
10
15
11
132
132
149
149
26
26
29
29
130
126
147
139
26
26
29
29
140
140
150
150
26
26
29
29
138
134
148
140
26
26
29
29
50
50
55
55
18
18
22
22
50
50
55
55
18
18
22
22
50
50
55
55
18
18
22
22
50
50
55
55
18
18
22
22
122
110
138
118
25
23
28
24
96
80
111
85
20
17
22
18
130
118
139
119
25
23
28
24
103
85
112
86
20
17
22
18
49
45
54
45
17
16
21
18
38
32
43
32
15
11
17
13
49
45
54
45
17
16
21
18
38
32
43
32
15
11
17
13
109
103
133
106
44
55
44
61
82
65
112
70
29
38
32
38
130
122
163
120
47
70
58
70
95
75
126
77
31
46
40
45
74
73
91
73
35
45
32
54
54
42
75
43
21
29
23
33
87
84
110
82
38
58
44
61
61
48
83
48
23
35
30
38
43
31
56
31
16
17
19
16
13
11
23
13
2
9
4
10
49
34
66
31
16
19
23
16
17
13
23
13
2
10
4
10
24
17
37
20
11
14
13
13
9
5
17
6
7
2
8
26
19
43
20
11
16
17
13
11
6
17
6
8
2
8
164
137
184
149
58
79
61
82
122
85
142
92
37
48
40
53
173
151
190
155
63
86
67
86
131
91
148
95
42
55
46
55
111
95
128
106
45
65
47
71
81
56
98
61
28
37
30
45
117
107
128
108
49
71
51
73
87
60
98
61
32
43
34
45
61
35
73
34
16
20
23
22
17
13
23
13
2
10
4
10
63
36
78
37
21
21
24
22
18
13
24
13
2
10
4
10
38
20
49
21
11
17
17
18
11
6
17
6
8
2
8
38
20
49
21
15
17
17
18
11
6
17
6
8
2
8
45
46
60
43
9
5
11
10
34
27
50
26
6
4
8
6
54
52
73
51
10
9
16
11
39
30
56
30
6
5
11
7
16
14
24
13
7
3
8
8
11
8
19
9
4
2
7
5
19
18
32
19
8
6
12
8
13
11
23
12
4
2
9
5
15
9
24
11
3
1
3
1
5
2
10
2
16
9
28
11
3
1
5
1
6
2
10
2
5
1
8
1
2
1
2
1
5
1
10
1
2
1
4
1
71
61
83
66
15
11
17
12
52
36
64
38
9
6
11
7
74
66
83
67
15
11
17
12
55
37
64
38
9
6
11
7
28
22
33
22
11
7
13
9
18
12
23
12
7
3
9
5
28
22
33
22
11
7
13
9
18
12
23
12
7
3
9
5
22
10
31
11
3
1
5
1
6
2
10
2
22
10
31
11
3
1
5
1
6
2
10
2
5
1
10
1
2
1
4
1
5
1
10
1
2
1
4
1
1
1
6
6
1
1
6
6
1
1
6
6
1
1
6
5
9
9
11
11
9
9
11
11
14
14
16
16
14
14
16
16
9
9
11
10
7
7
9
7
14
12
16
12
10
9
12
9
1
4
2
1
3
6
7
4
2
2
4
2
6
8
10
6
5
4
7
4
1
2
4
14
14
17
17
14
14
17
17
18
18
25
25
18
18
25
25
14
12
17
13
10
9
13
9
18
16
25
21
12
11
19
15
24
24
26
26
24
24
26
26
24
24
26
26
24
24
26
26
24
22
26
22
18
16
20
16
24
22
26
22
18
16
20
16
6
8
11
6
5
4
8
4
8
10
14
11
7
6
10
6
2
4
2
4
12
12
14
12
8
6
10
6
12
12
14
12
8
6
10
6
2
4
2
4
2
2
4
2
1
1
2
4
4
4
2
2
4
4
4
4
2
2
4
4
4
4
2
2
4
4
4
4
2
2
6
21
6
21
6
21
6
21
6
21
6
21
6
21
6
21
2
2
4
4
4
4
12
4
12
4
13
28
13
28
2
2
4
4
4
4
12
4
12
4
13
28
13
28
4
6
4
6
4
6
4
6
19
11
19
11
15
30
15
30
4
6
4
6
4
6
4
6
19
11
19
11
15
30
15
30
2
2
4
4
4
4
12
4
12
4
13
27
13
27
2
2
4
4
4
4
12
4
12
4
13
27
13
27
4
6
4
6
4
6
4
6
19
10
19
10
15
29
15
29
4
6
4
6
4
6
4
6
19
10
19
10
15
29
15
29
6
21
5
16
4
15
2
6
1
5
2
2
4
4
4
2
12
4
11
3
13
27
11
20
1
1
2
4
2
7
3
5
1
8
20
5
8
4
6
4
4
4
6
4
4
19
10
17
7
15
29
13
22
2
5
2
1
2
5
2
1
11
8
8
3
9
21
6
9
2
1
1
2
8
1
1
1
2
2
2
4
1
2
8
1
1
1
1
1
4
6
4
6
4
6
4
6
23
16
23
18
23
30
23
32
4
6
4
6
4
6
4
6
23
16
23
18
23
30
23
32
4
6
4
6
4
6
4
6
25
22
25
28
23
30
23
32
4
6
4
6
4
6
4
6
25
22
25
28
23
30
23
32
4
6
4
6
4
6
4
6
23
15
23
17
23
29
23
31
4
6
4
6
4
6
4
6
23
15
23
17
23
29
23
31
4
6
4
6
4
6
4
6
25
21
25
27
23
29
23
31
4
6
4
6
4
6
4
6
25
21
25
27
23
29
23
31
4
6
4
6
4
6
4
6
25
22
25
28
21
18
21
20
4
6
4
6
4
6
4
6
25
22
25
28
21
18
21
20
4
6
4
6
4
6
4
6
15
20
15
26
17
9
17
11
4
6
4
6
4
6
4
6
15
20
15
26
17
9
17
11
4
6
4
6
4
6
4
6
25
21
25
27
21
17
21
19
4
6
4
6
4
6
4
6
25
21
25
27
21
17
21
19
4
6
4
6
4
6
4
6
15
19
15
25
17
8
17
10
4
6
4
6
4
6
4
6
15
19
15
25
17
8
17
10
4
6
4
4
4
6
4
4
23
15
20
12
23
29
20
23
2
5
2
1
2
5
2
1
14
10
9
4
13
21
8
9
4
6
4
4
4
6
4
4
25
21
22
19
23
29
20
23
2
5
2
1
2
5
2
1
15
13
10
5
13
21
8
9
2
2
3
5
1
3
8
1
1
1
1
1
2
2
3
6
1
3
8
1
1
1
1
1
4
6
4
4
4
6
4
4
25
21
22
19
21
17
18
14
2
5
2
1
2
5
2
1
15
13
10
5
12
12
7
6
4
6
4
4
4
6
4
4
15
19
13
18
17
8
15
7
2
5
2
1
2
5
2
1
9
11
6
5
9
6
6
3
2
2
3
6
1
3
5
1
1
1
1
1
2
2
2
5
1
2
3
1
1
1
1
1
26
56
26
56
70
128
70
128
26
56
26
56
70
128
70
128
163
221
163
221
256
314
256
314
163
221
163
221
256
314
256
314
26
56
26
56
70
128
66
122
25
50
25
44
57
113
58
102
161
221
151
215
254
312
244
300
137
203
140
191
227
283
229
273
25
29
25
29
42
79
42
83
66
62
66
62
100
172
102
176
25
29
25
29
42
79
42
81
66
62
66
61
100
172
100
172
41
56
41
58
46
85
46
90
99
110
100
112
112
183
112
188
41
56
41
56
46
85
46
88
99
110
98
107
112
183
110
183
119
106
119
106
206
277
208
281
163
159
163
159
311
383
313
387
119
106
119
105
206
277
206
277
163
159
163
158
311
383
311
383
165
166
166
168
221
292
221
297
221
232
222
234
330
401
330
406
165
166
164
163
221
292
219
292
221
232
220
229
330
401
328
401
25
28
24
24
39
74
41
79
64
56
59
56
97
166
94
163
19
28
23
24
36
67
40
67
56
56
57
50
82
150
84
136
38
50
39
49
43
79
44
85
94
98
89
99
107
175
103
173
30
49
38
49
39
72
43
73
84
97
85
86
91
159
93
145
115
100
112
100
200
271
192
268
159
151
156
153
305
374
297
366
103
97
103
89
171
250
177
234
144
144
142
135
271
339
275
327
157
154
155
155
213
284
204
282
213
217
211
221
322
390
313
383
140
148
142
134
182
263
187
244
191
204
190
191
286
354
286
338
328
358
328
358
363
378
363
378
328
358
328
358
363
378
363
378
384
384
384
384
384
384
384
384
384
384
384
384
384
384
384
384
326
356
310
340
361
376
345
360
290
315
287
306
319
334
310
325
382
382
366
366
382
382
366
366
340
340
331
331
340
340
331
331
196
200
196
200
404
441
406
447
221
213
221
213
455
470
461
476
196
200
195
199
404
441
402
441
221
213
220
212
455
470
455
470
275
290
276
293
428
467
428
472
320
312
323
315
483
498
488
503
275
290
271
286
428
467
423
465
320
312
316
308
483
498
481
496
223
225
223
225
479
479
485
485
225
225
225
225
483
483
489
489
223
225
222
224
479
479
479
479
225
225
224
224
483
483
483
483
325
327
328
330
507
509
512
514
331
331
334
334
513
513
518
518
325
327
321
323
507
509
505
507
331
331
327
327
513
513
511
511
187
190
188
188
397
432
381
419
211
203
208
200
444
458
433
447
172
181
168
169
354
385
344
371
196
188
188
180
394
408
384
398
261
273
261
271
418
454
401
442
301
292
300
291
468
482
457
471
239
258
227
238
373
406
358
388
278
269
266
257
416
430
402
416
213
215
210
212
467
467
456
456
215
215
212
212
471
471
460
460
198
200
190
192
417
417
407
407
200
200
192
192
421
421
411
411
305
307
304
306
491
493
480
482
311
311
310
310
497
497
486
486
282
284
270
272
439
441
425
427
288
288
276
276
445
445
431
431
25
44
22
36
52
105
50
88
14
35
12
21
33
78
37
50
128
181
121
155
204
257
188
226
86
126
77
95
134
179
122
135
4
20
1
12
20
40
18
23
1
12
1
6
12
26
13
15
42
66
35
40
68
88
52
57
23
30
26
18
27
41
29
31
19
24
20
21
36
57
36
54
49
48
47
42
75
136
71
115
13
16
12
13
20
45
21
32
33
35
33
27
47
101
50
68
30
41
34
41
39
62
39
59
75
83
70
71
82
144
78
123
19
30
21
26
22
47
23
34
50
62
48
47
51
105
56
73
94
80
82
76
157
217
149
189
126
125
116
111
238
299
223
267
68
54
51
52
106
154
97
120
87
89
76
70
159
213
149
167
126
120
112
112
166
228
157
198
163
171
153
154
250
312
232
277
91
86
73
79
112
161
104
126
115
127
105
104
168
222
157
174
5
8
6
5
6
27
6
22
19
20
17
14
30
59
25
36
2
5
6
1
2
16
6
12
9
12
10
6
18
40
18
22
7
16
11
15
7
28
7
23
29
40
24
27
33
62
30
39
3
9
11
7
3
17
7
13
15
26
15
13
19
43
21
24
37
30
25
26
58
90
49
60
47
48
37
34
89
118
73
84
16
17
16
9
31
47
35
27
21
24
19
15
38
60
40
44
53
55
39
46
63
96
55
64
68
79
58
61
97
126
80
89
24
34
25
18
34
53
39
29
32
43
30
28
44
68
44
47
265
284
240
254
288
303
260
271
177
198
151
160
197
208
166
170
309
309
276
276
309
309
276
276
212
212
172
172
212
212
172
172
88
104
63
74
103
107
75
75
41
52
38
43
53
53
44
44
108
108
75
75
108
108
75
75
53
53
44
44
53
53
44
44
150
155
137
138
317
338
284
302
170
162
155
147
347
361
318
327
106
109
90
91
215
240
185
196
119
115
102
98
240
252
209
212
205
216
183
190
332
355
296
316
236
227
217
207
365
379
333
342
147
158
126
131
226
251
196
207
169
166
149
144
252
264
221
224
172
174
156
158
370
370
336
334
174
174
158
158
374
374
338
338
121
122
102
103
256
258
217
215
122
122
103
103
260
260
217
217
240
242
220
220
388
390
351
351
246
246
224
224
394
394
355
355
172
175
151
150
268
271
229
228
177
177
152
152
273
273
230
230
59
62
46
45
121
142
87
103
66
66
51
51
140
146
108
109
28
31
24
19
62
76
50
56
33
33
25
25
77
78
61
62
92
101
70
74
131
152
96
112
104
106
84
85
151
157
118
119
49
55
36
32
70
84
55
61
57
58
42
43
86
87
67
68
67
67
51
51
146
148
109
109
67
67
51
51
148
148
109
109
33
33
25
25
78
78
62
62
33
33
25
25
78
78
62
62
106
108
85
85
157
159
119
119
108
108
85
85
159
159
119
119
58
58
43
43
87
87
68
68
58
58
43
43
87
87
68
68
51
72
51
76
62
91
63
96
122
142
123
146
141
194
142
199
51
72
51
74
62
91
63
94
122
142
121
141
141
194
140
194
58
85
59
93
60
85
61
90
141
166
143
174
136
178
136
183
58
85
59
91
60
85
61
88
141
166
141
169
136
178
134
178
206
209
207
213
255
292
256
297
273
293
274
297
353
406
354
411
206
209
205
208
255
292
254
292
273
293
272
292
353
406
352
406
231
226
233
234
232
257
232
262
291
316
293
324
311
353
311
358
231
226
231
229
232
257
230
257
291
316
291
319
311
353
309
353
48
66
49
67
59
85
61
87
117
130
109
130
136
182
127
180
39
62
48
61
50
78
59
75
102
122
103
110
113
166
116
151
55
79
57
84
57
79
59
81
136
154
128
155
131
166
121
164
46
72
55
72
48
72
57
69
113
138
118
130
108
150
111
139
197
197
189
197
245
280
233
278
264
277
256
277
343
389
331
384
171
183
174
169
206
257
213
242
232
252
233
240
297
350
304
339
221
214
210
215
222
245
209
243
281
299
270
297
301
336
288
331
184
192
191
182
185
223
190
210
238
263
243
255
258
300
261
289
59
86
60
97
49
64
50
71
144
173
146
184
110
131
112
138
59
86
60
95
49
64
50
69
144
173
144
179
110
131
110
133
40
74
41
87
37
44
38
51
105
149
107
162
85
87
87
94
40
74
41
85
37
44
38
49
105
149
105
157
85
87
85
89
233
232
235
243
180
189
182
196
292
321
294
332
238
259
240
266
233
232
233
238
180
189
180
191
292
321
292
327
238
259
238
261
168
195
170
208
129
120
131
127
214
258
216
271
162
164
164
171
168
195
168
203
129
120
129
122
214
258
214
266
162
164
162
166
56
80
58
88
46
58
48
62
139
161
131
165
105
119
98
122
47
73
56
76
37
54
47
56
116
145
120
136
90
111
92
102
37
68
39
82
34
38
36
42
100
141
98
147
80
75
76
81
33
61
38
70
26
37
35
42
84
125
88
119
70
74
72
68
223
220
212
224
171
177
164
180
282
304
271
305
229
243
222
246
184
197
192
188
145
163
149
152
236
265
244
260
197
218
199
209
160
187
153
193
121
108
120
114
206
247
199
248
154
149
153
158
129
166
136
155
104
102
107
93
170
211
172
203
132
136
132
128
343
364
344
369
456
485
457
490
399
392
402
397
517
524
521
530
343
364
339
362
456
485
452
483
399
392
395
390
517
524
514
523
372
399
374
408
404
429
404
433
435
432
439
442
459
466
462
471
372
399
369
401
404
429
399
426
435
432
432
435
459
466
455
464
409
411
414
416
541
543
547
549
415
415
420
420
547
547
553
553
409
411
407
409
541
543
540
542
415
415
413
413
547
547
546
546
451
453
461
463
483
485
488
490
457
457
467
467
489
489
494
494
451
453
454
456
483
485
481
483
457
457
460
460
489
489
487
487
328
346
319
337
440
466
424
450
379
371
369
363
496
502
480
488
292
315
282
295
385
413
380
396
339
331
326
320
434
440
424
432
356
380
341
368
388
410
371
393
414
410
398
400
438
444
421
429
304
330
301
318
336
360
331
343
355
351
346
348
379
385
369
377
388
390
380
382
519
521
505
507
394
394
386
386
525
525
511
511
348
350
337
339
457
459
449
451
354
354
343
343
463
463
455
455
429
431
419
421
461
463
446
448
435
435
425
425
467
467
452
452
370
372
367
369
402
404
394
396
376
376
373
373
408
408
400
400
379
406
381
418
305
320
307
328
443
440
450
453
351
348
358
357
379
406
376
411
305
320
302
321
443
440
443
446
351
348
351
350
289
323
291
337
205
212
207
220
343
348
352
363
240
232
247
241
289
323
286
330
205
212
202
213
343
348
345
356
240
232
240
234
459
461
472
474
363
365
372
374
465
465
478
478
369
369
378
378
459
461
465
467
363
365
365
367
465
465
471
471
369
369
371
371
357
359
372
374
243
245
252
254
363
363
378
378
249
249
258
258
357
359
365
367
243
245
245
247
363
363
371
371
249
249
251
251
363
387
348
378
290
302
282
296
422
418
409
411
331
327
325
323
308
334
304
324
254
271
245
254
360
356
353
355
291
287
282
280
279
310
264
307
191
195
192
198
328
332
321
331
221
212
224
217
234
262
221
253
169
180
158
165
276
280
266
276
198
189
190
183
437
439
430
432
342
344
338
340
443
443
436
436
348
348
344
344
375
377
374
376
302
304
295
297
381
381
380
380
308
308
301
301
341
343
340
342
223
225
228
230
347
347
346
346
229
229
234
234
289
291
285
287
200
202
194
196
295
295
291
291
206
206
200
200
39
52
42
51
50
66
52
61
92
106
85
92
102
149
97
129
23
38
25
32
29
49
30
36
60
79
59
60
66
109
68
78
46
62
48
60
48
62
50
57
102
122
100
108
97
134
93
119
26
45
27
36
28
45
29
33
66
91
70
70
63
97
65
73
156
149
139
142
189
218
175
197
199
213
189
196
258
305
243
275
111
105
92
101
132
149
116
136
137
156
133
134
172
215
174
184
167
157
157
152
168
188
154
172
202
222
201
209
222
259
207
233
118
110
108
111
120
127
104
122
137
162
149
149
150
184
153
161
9
23
12
20
10
31
12
25
37
52
30
36
43
66
39
45
3
15
12
10
4
21
12
13
20
36
20
20
26
48
28
28
10
29
12
23
10
29
12
23
41
62
39
44
41
60
39
44
4
21
12
13
4
21
12
13
25
44
28
28
25
44
28
28
67
69
50
60
79
96
66
74
84
99
74
80
109
132
95
101
33
44
35
26
43
55
49
35
41
57
41
41
50
72
56
56
74
78
64
69
76
86
64
69
90
111
89
94
102
121
89
94
42
52
47
34
42
52
47
34
50
69
53
53
50
69
53
53
47
61
49
62
37
44
41
46
105
128
101
112
80
95
74
87
26
44
27
37
21
30
24
27
67
94
70
72
51
66
50
56
33
51
34
56
26
29
31
34
75
110
73
98
61
60
57
56
16
36
18
31
15
18
18
19
45
79
51
61
39
41
37
37
167
158
156
155
130
131
116
127
197
220
199
210
166
181
156
169
117
110
109
115
94
86
77
94
133
160
152
154
114
129
115
121
113
134
112
126
90
77
81
78
137
172
140
165
107
106
103
102
76
97
83
89
66
52
54
59
94
128
111
121
77
79
76
76
10
29
12
25
8
20
12
20
42
66
39
45
35
46
30
36
4
21
12
13
3
15
12
10
26
48
28
28
20
36
20
20
6
24
7
23
6
12
11
15
31
57
30
39
27
33
24
27
3
17
7
13
3
9
11
7
19
43
21
24
15
26
15
13
76
82
66
74
63
64
50
58
92
116
95
101
81
92
72
78
43
55
49
35
33
44
35
26
50
72
56
56
41
57
41
41
55
75
55
61
47
44
39
43
73
99
77
86
58
64
55
58
34
53
39
29
24
34
25
18
44
68
44
47
32
43
30
28
253
266
230
239
341
357
311
320
290
282
269
261
378
384
349
352
178
193
161
168
232
252
216
222
206
202
189
184
260
268
243
244
262
278
249
261
294
308
269
276
303
299
290
287
327
333
303
306
183
202
183
192
202
219
193
197
215
213
214
209
226
234
217
218
299
301
277
277
401
403
368
368
305
305
281
281
407
407
372
372
211
214
192
191
276
279
251
250
216
216
193
193
281
281
252
252
318
320
305
305
350
352
322
322
324
324
309
309
356
356
326
326
223
226
218
217
242
245
225
224
228
228
219
219
247
247
226
226
113
127
90
98
144
165
115
128
131
133
109
110
167
172
139
140
62
74
51
49
77
94
71
72
76
77
60
61
97
98
83
84
123
142
110
121
133
152
110
121
146
149
132
133
154
159
132
133
73
90
68
69
73
90
68
69
93
94
80
81
93
94
80
81
134
136
110
110
173
175
140
140
136
136
110
110
175
175
140
140
77
77
61
61
98
98
84
84
77
77
61
61
98
98
84
84
150
152
133
133
160
162
133
133
152
152
133
133
162
162
133
133
94
94
81
81
94
94
81
81
94
94
81
81
94
94
81
81
264
278
249
262
217
224
197
202
304
300
292
289
244
240
229
225
183
201
187
197
150
159
144
147
214
212
219
214
168
168
165
164
196
214
182
204
138
141
125
128
228
232
220
225
159
150
152
144
137
157
141
154
100
103
94
95
162
164
167
166
112
109
110
107
319
321
307
307
255
257
239
239
325
325
311
311
261
261
243
243
222
225
223
222
175
178
170
169
227
227
224
224
180
180
171
171
241
243
234
234
161
163
155
155
247
247
238
238
167
167
159
159
168
171
171
170
113
116
112
111
173
173
172
172
118
118
113
113
129
148
115
128
107
119
88
96
152
155
139
140
122
124
107
108
77
94
71
72
62
74
51
49
97
98
83
84
76
77
60
61
106
124
93
109
79
85
67
71
125
128
115
116
88
89
81
82
70
84
55
61
49
55
36
32
86
87
67
68
57
58
42
43
156
158
140
140
125
127
108
108
158
158
140
140
127
127
108
108
98
98
84
84
77
77
61
61
98
98
84
84
77
77
61
61
128
130
116
116
89
91
82
82
130
130
116
116
91
91
82
82
87
87
68
68
58
58
43
43
87
87
68
68
58
58
43
43
1
1
1
1
1
1
1
1
1
1
1
1
1
1
1
1
1
1
1
1
1
1
4
6
12
6
2
12
14
2
2
1
5
1
1
4
3
5
7
6
2
6
8
13
3
6
2
1
2
4
2
9
3
6
2
5
3
6
11
13
5
12
9
15
5
8
2
2
2
5
2
5
7
6
4
6
16
13
6
6
7
6
4
8
16
21
6
9
1
2
4
1
2
4
11
13
8
12
17
15
8
8
11
13
8
15
17
23
8
11
2
5
2
5
2
5
2
5
18
18
2
2
18
18
2
2
18
18
2
2
18
18
2
2
8
12
9
10
25
28
7
9
13
13
10
10
28
29
11
12
1
1
4
6
1
1
6
6
15
22
14
17
27
30
10
13
23
24
19
20
31
32
15
16
5
7
5
7
7
7
7
7
13
13
10
10
29
29
12
12
13
13
10
10
29
29
12
12
1
1
6
6
1
1
6
6
24
24
20
20
32
32
16
16
24
24
20
20
32
32
16
16
7
7
7
7
7
7
7
7
2
9
3
6
2
9
3
6
14
16
5
12
15
19
5
12
2
2
2
5
2
5
2
9
3
6
2
9
3
6
15
19
5
12
15
19
5
12
2
2
2
5
2
5
18
16
9
12
23
19
10
12
18
20
9
16
23
27
10
17
2
5
2
5
2
5
2
5
23
19
10
12
23
19
10
12
23
27
10
17
23
27
10
17
2
5
2
5
2
5
2
5
2
9
3
6
2
9
3
6
15
19
5
12
14
16
5
12
2
2
2
5
2
5
2
5
3
6
2
9
3
6
9
15
5
8
11
13
5
12
2
2
2
5
2
5
23
19
10
12
18
16
9
12
23
27
10
17
18
20
9
16
2
5
2
5
2
5
2
5
17
15
8
8
11
13
8
12
17
23
8
11
11
13
8
15
2
5
2
5
2
5
2
5
25
32
15
18
33
40
16
19
33
34
20
21
41
42
21
22
5
7
5
7
7
7
7
7
33
40
16
19
33
40
16
19
41
42
21
22
41
42
21
22
5
7
5
7
7
7
7
7
34
34
21
21
42
42
22
22
34
34
21
21
42
42
22
22
7
7
7
7
7
7
7
7
42
42
22
22
42
42
22
22
42
42
22
22
42
42
22
22
7
7
7
7
7
7
7
7
33
40
16
19
25
32
15
18
41
42
21
22
33
34
20
21
5
7
5
7
7
7
7
7
27
30
10
13
15
22
14
17
31
32
15
16
23
24
19
20
5
7
5
7
7
7
7
7
42
42
22
22
34
34
21
21
42
42
22
22
34
34
21
21
7
7
7
7
7
7
7
7
32
32
16
16
24
24
20
20
32
32
16
16
24
24
20
20
7
7
7
7
7
7
7
7
4
4
4
4
2
2
13
18
13
24
10
2
10
4
4
4
4
4
2
2
13
18
13
24
10
2
10
4
6
11
6
17
8
8
2
6
11
6
17
8
8
2
4
4
4
4
2
2
13
17
13
23
10
2
10
4
4
4
4
4
2
2
13
17
13
23
10
2
10
4
6
11
6
17
8
8
2
6
11
6
17
8
8
2
2
6
2
10
2
6
2
10
2
6
2
10
2
6
2
10
4
4
4
2
2
2
13
17
11
16
10
2
9
3
2
4
2
1
1
8
10
5
4
5
1
3
1
6
11
5
12
8
7
1
4
5
2
2
4
2
2
2
5
1
1
1
1
1
2
1
2
6
2
7
1
3
1
1
1
36
65
37
78
21
21
22
24
93
135
95
148
55
43
55
46
36
65
37
76
21
21
22
24
93
135
93
144
55
43
55
45
20
38
21
49
17
15
18
17
60
87
61
98
43
32
45
34
20
38
21
49
17
15
18
17
60
87
61
98
43
32
45
34
153
177
155
190
86
64
86
67
195
237
197
250
107
95
107
98
153
177
153
186
86
64
86
66
195
237
195
246
107
95
107
97
107
117
108
128
71
49
73
51
137
164
138
175
88
77
90
79
107
117
108
128
71
49
73
51
137
164
138
175
88
77
90
79
33
60
36
74
21
20
21
19
90
129
87
135
53
37
48
40
30
53
35
62
15
20
20
19
75
113
77
108
45
37
46
34
20
38
21
49
17
15
18
13
60
87
57
92
43
28
39
30
19
32
20
37
12
15
17
13
47
72
49
72
36
28
37
25
147
171
139
177
82
58
79
61
189
228
181
229
103
87
100
92
118
150
124
143
70
55
70
50
155
193
159
190
88
80
86
74
105
117
96
122
69
45
67
47
135
162
126
161
86
71
84
75
81
99
85
98
59
42
60
40
108
133
111
134
73
65
75
63
10
22
11
31
1
3
1
5
37
55
38
64
6
9
7
11
10
22
11
31
1
3
1
5
37
55
38
64
6
9
7
11
1
5
1
10
1
2
1
4
12
18
12
23
3
7
5
9
1
5
1
10
1
2
1
4
12
18
12
23
3
7
5
9
66
74
67
83
11
15
12
17
85
103
86
112
17
20
18
22
66
74
67
83
11
15
12
17
85
103
86
112
17
20
18
22
22
28
22
33
7
11
9
13
32
38
32
43
11
15
13
17
22
28
22
33
7
11
9
13
32
38
32
43
11
15
13
17
10
22
11
31
1
3
1
5
37
55
37
61
6
9
7
11
10
19
10
25
1
3
1
5
29
47
31
48
6
9
6
8
1
5
1
10
1
2
1
4
12
18
12
23
3
7
5
9
1
5
1
10
1
2
1
4
12
18
11
18
3
7
4
6
65
74
62
80
11
15
12
17
84
102
81
105
17
20
18
22
50
64
53
63
10
14
10
12
67
85
68
85
15
18
14
16
22
28
22
33
7
11
9
13
32
38
32
43
11
15
13
17
19
27
18
24
6
10
8
10
28
34
24
31
9
13
12
14
265
294
267
308
129
129
129
131
312
317
321
332
148
140
149
143
265
294
263
302
129
129
128
130
312
317
315
326
148
140
148
142
186
204
187
215
105
103
107
106
213
218
219
230
120
112
122
116
186
204
187
215
105
103
107
106
213
218
219
230
120
112
122
116
326
326
341
341
148
150
151
153
330
330
345
345
150
150
153
153
326
326
335
335
148
150
150
152
330
330
339
339
150
150
152
152
224
224
236
236
120
120
124
124
224
224
236
236
120
120
124
124
224
224
236
236
120
120
124
124
224
224
236
236
120
120
124
124
258
285
242
280
120
119
121
119
301
305
293
303
138
130
136
130
215
238
205
232
105
110
101
100
251
255
244
254
123
115
116
110
184
202
169
197
99
97
101
96
211
216
201
212
114
106
112
106
148
161
146
163
86
89
87
83
169
174
166
177
101
93
98
92
314
314
312
312
138
140
138
140
318
318
316
316
140
140
140
140
264
264
263
263
123
125
118
120
268
268
267
267
125
125
120
120
222
222
218
218
114
114
114
114
222
222
218
218
114
114
114
114
180
180
183
183
101
101
100
100
180
180
183
183
101
101
100
100
118
130
119
139
23
25
24
28
134
138
140
148
26
26
29
29
118
130
119
139
23
25
24
28
134
138
140
148
26
26
29
29
45
49
45
54
16
17
18
21
50
50
55
55
18
18
22
22
45
49
45
54
16
17
18
21
50
50
55
55
18
18
22
22
140
140
150
150
26
26
29
29
140
140
150
150
26
26
29
29
140
140
150
150
26
26
29
29
140
140
150
150
26
26
29
29
50
50
55
55
18
18
22
22
50
50
55
55
18
18
22
22
50
50
55
55
18
18
22
22
50
50
55
55
18
18
22
22
117
129
111
131
23
25
24
28
133
137
132
140
26
26
29
29
95
104
91
106
21
23
17
21
108
112
106
114
24
24
22
22
45
49
45
54
16
17
18
21
50
50
55
55
18
18
22
22
41
45
32
41
14
15
14
17
46
46
42
42
16
16
18
18
139
139
142
142
26
26
29
29
139
139
142
142
26
26
29
29
114
114
116
116
24
24
22
22
114
114
116
116
24
24
22
22
50
50
55
55
18
18
22
22
50
50
55
55
18
18
22
22
46
46
42
42
16
16
18
18
46
46
42
42
16
16
18
18
30
43
31
49
15
16
17
16
68
99
64
88
38
29
36
29
14
31
16
27
9
8
9
8
41
72
43
54
25
18
24
19
19
26
17
29
12
11
14
11
42
64
41
59
31
21
29
21
8
17
7
14
7
6
7
6
24
45
28
34
21
14
18
14
104
120
102
115
61
41
53
44
125
156
129
153
73
64
68
61
70
87
74
81
46
24
34
34
85
116
101
112
52
45
49
44
72
80
72
79
52
30
45
35
88
110
92
110
61
51
59
51
47
55
52
54
40
17
27
28
57
78
72
78
43
36
41
37
5
22
6
22
4
5
6
5
28
53
25
36
17
14
17
14
2
16
6
12
2
5
6
1
18
40
18
22
9
12
10
6
3
14
1
12
3
4
5
4
18
33
18
23
14
11
12
11
1
12
1
6
1
4
5
12
26
13
15
8
9
7
4
50
68
49
57
31
20
25
23
65
90
70
81
37
34
34
31
31
47
35
27
16
17
16
9
38
60
40
44
21
24
19
15
34
43
35
37
26
14
19
19
44
59
49
54
29
26
27
26
23
30
26
18
13
11
12
7
27
41
29
31
15
16
15
12
10
15
9
19
1
1
1
4
25
41
26
38
5
6
4
7
4
9
3
8
2
14
28
17
21
2
3
2
4
1
3
1
7
1
1
3
9
14
7
13
3
5
3
5
2
2
4
7
4
7
1
3
1
3
42
51
45
49
9
9
5
10
52
68
56
68
12
13
8
11
27
36
33
32
6
6
3
7
35
49
44
48
9
10
6
8
13
19
13
18
6
6
4
8
18
23
18
24
7
9
7
9
8
12
10
12
4
4
2
6
13
16
15
18
5
7
5
7
1
7
7
2
10
21
12
14
2
3
1
3
1
6
3
7
16
8
8
1
3
2
2
4
7
3
4
1
3
2
1
5
1
3
20
29
24
23
6
6
2
6
28
39
33
35
9
10
5
7
14
20
16
10
2
5
1
1
18
27
18
18
4
6
2
2
8
12
9
9
4
4
1
5
13
16
14
15
5
7
4
6
4
9
3
1
1
3
1
1
8
12
4
4
1
3
2
2
181
194
168
186
86
87
81
80
207
211
201
206
100
92
94
88
126
143
128
139
62
61
60
59
147
149
151
150
69
65
67
65
126
133
122
134
71
70
69
66
141
146
139
146
82
74
79
73
85
94
92
99
51
50
49
48
97
98
104
104
57
53
55
53
220
220
215
213
100
102
95
97
224
224
217
217
102
102
97
97
153
155
155
153
69
70
67
68
157
157
155
155
70
70
68
68
152
152
151
151
82
82
80
80
152
152
151
151
82
82
80
80
102
102
106
106
57
57
55
55
102
102
106
106
57
57
55
55
96
113
84
100
46
47
43
42
113
116
105
106
51
50
48
48
62
76
50
56
28
31
24
19
77
78
61
62
33
33
25
25
63
74
60
71
36
37
34
33
75
76
72
72
40
39
38
38
41
52
38
43
20
23
19
14
53
53
44
44
24
24
19
19
116
118
106
106
51
51
48
48
118
118
106
106
51
51
48
48
78
78
62
62
33
33
25
25
78
78
62
62
33
33
25
25
77
77
72
72
40
40
38
38
77
77
72
72
40
40
38
38
53
53
44
44
24
24
19
19
53
53
44
44
24
24
19
19
78
83
75
85
17
17
11
14
87
91
87
92
18
18
15
15
54
59
57
62
12
12
8
10
60
62
64
64
12
12
10
10
29
31
24
30
12
11
9
11
32
32
31
31
12
12
12
12
20
20
20
22
8
8
6
8
20
20
22
22
8
8
8
8
93
93
94
94
18
18
15
15
93
93
94
94
18
18
15
15
63
63
65
65
12
12
10
10
63
63
65
65
12
12
10
10
32
32
31
31
12
12
12
12
32
32
31
31
12
12
12
12
20
20
22
22
8
8
8
8
20
20
22
22
8
8
8
8
42
48
40
47
12
12
6
8
48
49
47
47
12
12
8
8
28
33
23
26
7
7
2
2
34
34
26
26
7
7
2
2
20
20
16
18
8
8
4
6
20
20
18
18
8
8
6
6
13
13
4
4
4
4
2
2
13
13
4
4
4
4
2
2
49
49
47
47
12
12
8
8
49
49
47
47
12
12
8
8
34
34
26
26
7
7
2
2
34
34
26
26
7
7
2
2
20
20
18
18
8
8
6
6
20
20
18
18
8
8
6
6
13
13
4
4
4
4
2
2
13
13
4
4
4
4
2
2
2
4
6
8
6
10
2
4
6
8
6
10
12
12
12
14
16
18
16
20
12
12
12
14
16
18
16
20
2
4
6
8
6
10
2
4
6
8
6
9
12
12
12
14
16
18
16
20
11
12
10
10
15
17
11
14
22
24
22
26
24
24
26
26
22
24
22
26
24
24
26
26
24
24
26
26
24
24
26
26
24
24
26
26
24
24
26
26
22
24
22
26
24
24
26
26
21
23
16
20
23
23
20
20
24
24
26
26
24
24
26
26
23
23
20
20
23
23
20
20
2
3
4
6
4
6
2
3
2
3
6
9
8
7
9
11
9
11
4
6
6
4
7
8
7
8
2
3
2
2
1
4
6
6
3
7
8
7
7
2
4
1
5
6
1
1
13
15
12
15
15
15
15
15
10
10
10
10
10
10
10
10
15
15
15
15
15
15
15
15
10
10
10
10
10
10
10
10
10
10
9
9
10
10
9
9
6
6
1
1
6
6
1
1
10
10
9
9
10
10
9
9
6
6
1
1
6
6
1
1
1
1
1
4
3
5
1
5
1
8
13
3
6
7
6
2
6
2
2
4
1
4
4
6
6
4
4
16
13
6
6
7
6
4
6
16
21
6
9
7
6
4
8
2
4
1
2
4
1
12
6
2
6
4
2
4
12
14
2
2
6
4
2
6
1
3
5
3
1
5
7
1
1
25
28
7
9
8
12
9
10
28
29
11
12
13
13
10
10
4
6
1
1
6
6
1
1
18
18
2
2
6
10
6
6
18
18
2
2
10
10
6
6
29
29
12
12
13
13
10
10
29
29
12
12
13
13
10
10
6
6
1
1
6
6
1
1
18
18
2
2
10
10
6
6
18
18
2
2
10
10
6
6
8
8
1
1
8
8
1
1
8
8
1
1
8
8
1
1
384
384
384
384
378
363
378
363
384
384
384
384
378
363
378
363
358
328
358
328
314
256
314
256
358
328
358
328
314
256
314
256
382
382
366
366
376
361
360
345
340
340
331
331
334
319
325
310
356
326
340
310
312
254
300
244
315
290
306
287
283
227
273
229
225
223
225
223
479
479
485
485
213
221
213
221
470
455
476
461
225
223
224
222
479
479
479
479
213
221
212
220
470
455
470
455
327
325
330
328
509
507
514
512
312
320
315
323
498
483
503
488
327
325
323
321
509
507
507
505
312
320
308
316
498
483
496
481
200
196
200
196
441
404
447
406
159
163
159
163
383
311
387
313
200
196
199
195
441
404
441
402
159
163
158
163
383
311
383
311
290
275
293
276
467
428
472
428
232
221
234
222
401
330
406
330
290
275
286
271
467
428
465
423
232
221
229
220
401
330
401
328
215
213
212
210
467
467
456
456
203
211
200
208
458
444
447
433
200
198
192
190
417
417
407
407
188
196
180
188
408
394
398
384
307
305
306
304
493
491
482
480
292
301
291
300
482
468
471
457
284
282
272
270
441
439
427
425
269
278
257
266
430
416
416
402
190
187
188
188
432
397
419
381
151
159
153
156
374
305
366
297
181
172
169
168
385
354
371
344
144
144
135
142
339
271
327
275
273
261
271
261
454
418
442
401
217
213
221
211
390
322
383
313
258
239
238
227
406
373
388
358
204
191
191
190
354
286
338
286
221
163
221
163
128
70
128
70
221
163
221
163
128
70
128
70
56
26
56
26
21
6
21
6
56
26
56
26
21
6
21
6
221
161
215
151
128
70
122
66
203
137
191
140
113
57
102
58
56
26
56
26
21
6
21
6
50
25
44
25
21
6
21
6
106
119
106
119
277
206
281
208
62
66
62
66
172
100
176
102
106
119
105
119
277
206
277
206
62
66
61
66
172
100
172
100
166
165
168
166
292
221
297
221
110
99
112
100
183
112
188
112
166
165
163
164
292
221
292
219
110
99
107
98
183
112
183
110
29
25
29
25
79
42
83
42
4
12
4
12
28
13
28
13
29
25
29
25
79
42
81
42
4
12
4
12
28
13
28
13
56
41
58
41
85
46
90
46
11
19
11
19
30
15
30
15
56
41
56
41
85
46
88
46
11
19
11
19
30
15
30
15
100
115
100
112
271
200
268
192
56
64
56
59
166
97
163
94
97
103
89
103
250
171
234
177
56
56
50
57
150
82
136
84
154
157
155
155
284
213
282
204
98
94
99
89
175
107
173
103
148
140
134
142
263
182
244
187
97
84
86
85
159
91
145
93
28
25
24
24
74
39
79
41
4
12
4
12
27
13
27
13
28
19
24
23
67
36
67
40
4
12
4
12
27
13
27
13
50
38
49
39
79
43
85
44
10
19
10
19
29
15
29
15
49
30
49
38
72
39
73
43
10
19
10
19
29
15
29
15
309
309
276
276
303
288
271
260
212
212
172
172
208
197
170
166
284
265
254
240
257
204
226
188
198
177
160
151
179
134
135
122
108
108
75
75
107
103
75
75
53
53
44
44
53
53
44
44
104
88
74
63
88
68
57
52
52
41
43
38
41
27
31
29
174
172
158
156
370
370
334
336
162
170
147
155
361
347
327
318
122
121
103
102
258
256
215
217
115
119
98
102
252
240
212
209
242
240
220
220
390
388
351
351
227
236
207
217
379
365
342
333
175
172
150
151
271
268
228
229
166
169
144
149
264
252
224
221
155
150
138
137
338
317
302
284
125
126
111
116
299
238
267
223
109
106
91
90
240
215
196
185
89
87
70
76
213
159
167
149
216
205
190
183
355
332
316
296
171
163
154
153
312
250
277
232
158
147
131
126
251
226
207
196
127
115
104
105
222
168
174
157
67
67
51
51
148
146
109
109
66
66
51
51
146
140
109
108
33
33
25
25
78
78
62
62
33
33
25
25
78
77
62
61
108
106
85
85
159
157
119
119
106
104
85
84
157
151
119
118
58
58
43
43
87
87
68
68
58
57
43
42
87
86
68
67
62
59
45
46
142
121
103
87
48
47
34
37
118
89
84
73
31
28
19
24
76
62
56
50
24
21
15
19
60
38
44
40
101
92
74
70
152
131
112
96
79
68
61
58
126
97
89
80
55
49
32
36
84
70
61
55
43
32
28
30
68
44
47
44
181
128
155
121
105
52
88
50
126
86
95
77
78
33
50
37
44
25
36
22
21
6
16
5
35
14
21
12
15
4
6
2
66
42
40
35
40
20
23
18
30
23
18
26
26
12
15
13
20
4
12
1
5
1
12
1
6
1
80
94
76
82
217
157
189
149
48
49
42
47
136
75
115
71
54
68
52
51
154
106
120
97
35
33
27
33
101
47
68
50
120
126
112
112
228
166
198
157
83
75
71
70
144
82
123
78
86
91
79
73
161
112
126
104
62
50
47
48
105
51
73
56
24
19
21
20
57
36
54
36
4
12
3
11
27
13
20
11
16
13
13
12
45
20
32
21
3
7
1
5
20
8
8
5
41
30
41
34
62
39
59
39
10
19
7
17
29
15
22
13
30
19
26
21
47
22
34
23
8
11
3
8
21
9
9
6
30
37
26
25
90
58
60
49
20
19
14
17
59
30
36
25
17
16
9
16
47
31
27
35
12
9
6
10
40
18
22
18
55
53
46
39
96
63
64
55
40
29
27
24
62
33
39
30
34
24
18
25
53
34
29
39
26
15
13
15
43
19
24
21
8
5
5
6
27
6
22
6
1
1
8
2
1
5
2
1
6
16
2
12
6
1
1
16
7
15
11
28
7
23
7
4
2
1
8
2
1
9
3
7
11
17
3
13
7
1
1
1
1
411
409
416
414
543
541
549
547
392
399
397
402
524
517
530
521
411
409
409
407
543
541
542
540
392
399
390
395
524
517
523
514
453
451
463
461
485
483
490
488
432
435
442
439
466
459
471
462
453
451
456
454
485
483
483
481
432
435
435
432
466
459
464
455
364
343
369
344
485
456
490
457
293
273
297
274
406
353
411
354
364
343
362
339
485
456
483
452
293
273
292
272
406
353
406
352
399
372
408
374
429
404
433
404
316
291
324
293
353
311
358
311
399
372
401
369
429
404
426
399
316
291
319
291
353
311
353
309
390
388
382
380
521
519
507
505
371
379
363
369
502
496
488
480
350
348
339
337
459
457
451
449
331
339
320
326
440
434
432
424
431
429
421
419
463
461
448
446
410
414
400
398
444
438
429
421
372
370
369
367
404
402
396
394
351
355
348
346
385
379
377
369
346
328
337
319
466
440
450
424
277
264
277
256
389
343
384
331
315
292
295
282
413
385
396
380
252
232
240
233
350
297
339
304
380
356
368
341
410
388
393
371
299
281
297
270
336
301
331
288
330
304
318
301
360
336
343
331
263
238
255
243
300
258
289
261
461
459
474
472
365
363
374
372
440
443
453
450
348
351
357
358
461
459
467
465
365
363
367
365
440
443
446
443
348
351
350
351
359
357
374
372
245
243
254
252
348
343
363
352
232
240
241
247
359
357
367
365
245
243
247
245
348
343
356
345
232
240
234
240
406
379
418
381
320
305
328
307
321
292
332
294
259
238
266
240
406
379
411
376
320
305
321
302
321
292
327
292
259
238
261
238
323
289
337
291
212
205
220
207
258
214
271
216
164
162
171
164
323
289
330
286
212
205
213
202
258
214
266
214
164
162
166
162
439
437
432
430
344
342
340
338
418
422
411
409
327
331
323
325
377
375
376
374
304
302
297
295
356
360
355
353
287
291
280
282
343
341
342
340
225
223
230
228
332
328
331
321
212
221
217
224
291
289
287
285
202
200
196
194
280
276
276
266
189
198
183
190
387
363
378
348
302
290
296
282
304
282
305
271
243
229
246
222
334
308
324
304
271
254
254
245
265
236
260
244
218
197
209
199
310
279
307
264
195
191
198
192
247
206
248
199
149
154
158
153
262
234
253
221
180
169
165
158
211
170
203
172
136
132
128
132
209
206
213
207
292
255
297
256
142
122
146
123
194
141
199
142
209
206
208
205
292
255
292
254
142
122
141
121
194
141
194
140
226
231
234
233
257
232
262
232
166
141
174
143
178
136
183
136
226
231
229
231
257
232
257
230
166
141
169
141
178
136
178
134
72
51
76
51
91
62
96
63
16
23
18
23
30
23
32
23
72
51
74
51
91
62
94
63
16
23
18
23
30
23
32
23
85
58
93
59
85
60
90
61
22
25
28
25
30
23
32
23
85
58
91
59
85
60
88
61
22
25
28
25
30
23
32
23
197
197
197
189
280
245
278
233
130
117
130
109
182
136
180
127
183
171
169
174
257
206
242
213
122
102
110
103
166
113
151
116
214
221
215
210
245
222
243
209
154
136
155
128
166
131
164
121
192
184
182
191
223
185
210
190
138
113
130
118
150
108
139
111
66
48
67
49
85
59
87
61
15
23
17
23
29
23
31
23
62
39
61
48
78
50
75
59
15
23
17
23
29
23
31
23
79
55
84
57
79
57
81
59
21
25
27
25
29
23
31
23
72
46
72
55
72
48
69
57
21
25
27
25
29
23
31
23
232
233
243
235
189
180
196
182
173
144
184
146
131
110
138
112
232
233
238
233
189
180
191
180
173
144
179
144
131
110
133
110
195
168
208
170
120
129
127
131
149
105
162
107
87
85
94
87
195
168
203
168
120
129
122
129
149
105
157
105
87
85
89
85
86
59
97
60
64
49
71
50
22
25
28
25
18
21
20
21
86
59
95
60
64
49
69
50
22
25
28
25
18
21
20
21
74
40
87
41
44
37
51
38
20
15
26
15
9
17
11
17
74
40
85
41
44
37
49
38
20
15
26
15
9
17
11
17
220
223
224
212
177
171
180
164
161
139
165
131
119
105
122
98
197
184
188
192
163
145
152
149
145
116
136
120
111
90
102
92
187
160
193
153
108
121
114
120
141
100
147
98
75
80
81
76
166
129
155
136
102
104
93
107
125
84
119
88
74
70
68
72
80
56
88
58
58
46
62
48
21
25
27
25
17
21
19
21
73
47
76
56
54
37
56
47
21
25
27
25
17
21
19
21
68
37
82
39
38
34
42
36
19
15
25
15
8
17
10
17
61
33
70
38
37
26
42
35
19
15
25
15
8
17
10
17
301
299
277
277
403
401
368
368
282
290
261
269
384
378
352
349
214
211
191
192
279
276
250
251
202
206
184
189
268
260
244
243
320
318
305
305
352
350
322
322
299
303
287
290
333
327
306
303
226
223
217
218
245
242
224
225
213
215
209
214
234
226
218
217
266
253
239
230
357
341
320
311
213
199
196
189
305
258
275
243
193
178
168
161
252
232
222
216
156
137
134
133
215
172
184
174
278
262
261
249
308
294
276
269
222
202
209
201
259
222
233
207
202
183
192
183
219
202
197
193
162
137
149
149
184
150
161
153
136
134
110
110
175
173
140
140
133
131
110
109
172
167
140
139
77
77
61
61
98
98
84
84
77
76
61
60
98
97
84
83
152
150
133
133
162
160
133
133
149
146
133
132
159
154
133
132
94
94
81
81
94
94
81
81
94
93
81
80
94
93
81
80
127
113
98
90
165
144
128
115
99
84
80
74
132
109
101
95
74
62
49
51
94
77
72
71
57
41
41
41
72
50
56
56
142
123
121
110
152
133
121
110
111
90
94
89
121
102
94
89
90
73
69
68
90
73
69
68
69
50
53
53
69
50
53
53
321
319
307
307
257
255
239
239
300
304
289
292
240
244
225
229
225
222
222
223
178
175
169
170
212
214
214
219
168
168
164
165
243
241
234
234
163
161
155
155
232
228
225
220
150
159
144
152
171
168
170
171
116
113
111
112
164
162
166
167
109
112
107
110
278
264
262
249
224
217
202
197
220
197
210
199
181
166
169
156
201
183
197
187
159
150
147
144
160
133
154
152
129
114
121
115
214
196
204
182
141
138
128
125
172
137
165
140
106
107
102
103
157
137
154
141
103
100
95
94
128
94
121
111
79
77
76
76
158
156
140
140
127
125
108
108
155
152
140
139
124
122
108
107
98
98
84
84
77
77
61
61
98
97
84
83
77
76
61
60
130
128
116
116
91
89
82
82
128
125
116
115
89
88
82
81
87
87
68
68
58
58
43
43
87
86
68
67
58
57
43
42
148
129
128
115
119
107
96
88
116
92
101
95
92
81
78
72
94
77
72
71
74
62
49
51
72
50
56
56
57
41
41
41
124
106
109
93
85
79
71
67
99
73
86
77
64
58
58
55
84
70
61
55
55
49
32
36
68
44
47
44
43
32
28
30
149
156
142
139
218
189
197
175
106
92
92
85
149
102
129
97
105
111
101
92
149
132
136
116
79
60
60
59
109
66
78
68
157
167
152
157
188
168
172
154
122
102
108
100
134
97
119
93
110
118
111
108
127
120
122
104
91
66
70
70
97
63
73
65
52
39
51
42
66
50
61
52
15
23
12
20
29
23
23
20
38
23
32
25
49
29
36
30
10
14
4
9
21
13
9
8
62
46
60
48
62
48
57
50
21
25
19
22
29
23
23
20
45
26
36
27
45
28
33
29
13
15
5
10
21
13
9
8
69
67
60
50
96
79
74
66
52
37
36
30
66
43
45
39
44
33
26
35
55
43
35
49
36
20
20
20
48
26
28
28
78
74
69
64
86
76
69
64
62
41
44
39
60
41
44
39
52
42
34
47
52
42
34
47
44
25
28
28
44
25
28
28
23
9
20
12
31
10
25
12
5
3
1
8
3
1
15
3
10
12
21
4
13
12
1
1
1
1
29
10
23
12
29
10
23
12
6
3
1
8
3
1
21
4
13
12
21
4
13
12
1
1
1
1
158
167
155
156
131
130
127
116
128
105
112
101
95
80
87
74
110
117
115
109
86
94
94
77
94
67
72
70
66
51
56
50
134
113
126
112
77
90
78
81
110
75
98
73
60
61
56
57
97
76
89
83
52
66
59
54
79
45
61
51
41
39
37
37
61
47
62
49
44
37
46
41
21
25
19
22
17
21
14
18
44
26
37
27
30
21
27
24
13
15
5
10
12
12
6
7
51
33
56
34
29
26
34
31
19
15
18
13
8
17
7
15
36
16
31
18
18
15
19
18
11
9
5
6
6
9
3
6
82
76
74
66
64
63
58
50
66
42
45
39
46
35
36
30
55
43
35
49
44
33
26
35
48
26
28
28
36
20
20
20
75
55
61
55
44
47
43
39
57
31
39
30
33
27
27
24
53
34
29
39
34
24
18
25
43
19
24
21
26
15
13
15
29
10
25
12
20
8
20
12
6
3
1
5
3
1
21
4
13
12
15
3
10
12
1
1
1
1
24
6
23
7
12
6
15
11
5
2
1
3
2
1
17
3
13
7
9
3
7
11
1
1
1
1
2
2
4
4
4
4
2
2
4
4
4
4
6
4
6
4
6
4
6
4
6
4
6
4
6
4
6
4
2
2
4
4
4
4
2
2
4
4
4
4
6
4
6
4
6
4
6
4
6
4
6
4
6
4
6
4
2
2
4
4
2
4
1
1
4
2
2
6
4
4
4
6
4
4
4
5
2
1
2
5
2
1
2
2
2
2
6
4
6
4
6
4
6
4
6
4
6
4
6
4
6
4
6
4
6
4
6
4
6
4
6
4
6
4
6
4
6
4
6
4
6
4
6
4
6
4
6
4
6
4
6
4
6
4
6
4
6
4
6
4
6
4
6
4
6
4
6
4
6
4
6
4
6
4
6
4
6
4
6
4
6
4
6
4
6
4
6
4
6
4
6
4
6
4
6
4
6
4
6
4
6
4
6
4
6
4
6
4
6
4
6
4
6
4
6
4
6
4
6
4
6
4
6
4
6
4
6
4
6
4
6
4
6
4
6
4
4
4
6
4
4
4
5
2
1
2
5
2
1
2
6
4
4
4
6
4
4
4
5
2
1
2
5
2
1
2
2
2
2
2
6
4
4
4
6
4
4
4
5
2
1
2
5
2
1
2
6
4
4
4
6
4
4
4
5
2
1
2
5
2
1
2
2
2
2
2
18
18
2
2
18
18
2
2
18
18
2
2
14
12
2
2
13
13
10
10
29
29
12
12
13
13
10
10
29
28
12
11
1
1
6
6
1
1
6
6
24
24
20
20
32
32
16
16
24
23
20
19
32
31
16
15
7
7
7
7
7
7
7
7
12
8
10
9
28
25
9
7
6
7
8
4
21
16
9
6
1
1
6
4
1
4
2
22
15
17
14
30
27
13
10
13
11
15
8
23
17
11
8
7
5
7
5
5
2
5
2
6
12
2
6
4
6
7
6
4
13
16
6
6
6
7
6
2
13
8
6
3
1
4
2
1
4
2
13
11
12
8
15
17
8
8
13
11
12
5
15
9
8
5
5
2
5
2
5
2
5
2
5
1
1
4
1
5
3
1
1
2
9
2
6
3
5
2
6
3
1
1
1
1
2
2
34
34
21
21
42
42
22
22
34
33
21
20
42
41
22
21
7
7
7
7
7
7
7
7
42
42
22
22
42
42
22
22
42
41
22
21
42
41
22
21
7
7
7
7
7
7
7
7
32
25
18
15
40
33
19
16
20
18
16
9
27
23
17
10
7
5
7
5
5
2
5
2
40
33
19
16
40
33
19
16
27
23
17
10
27
23
17
10
7
5
7
5
5
2
5
2
42
42
22
22
34
34
21
21
42
41
22
21
34
33
21
20
7
7
7
7
7
7
7
7
32
32
16
16
24
24
20
20
32
31
16
15
24
23
20
19
7
7
7
7
7
7
7
7
40
33
19
16
32
25
18
15
27
23
17
10
20
18
16
9
7
5
7
5
5
2
5
2
30
27
13
10
22
15
17
14
23
17
11
8
13
11
15
8
7
5
7
5
5
2
5
2
16
18
12
9
19
23
12
10
16
14
12
5
19
15
12
5
5
2
5
2
5
2
5
2
19
23
12
10
19
23
12
10
19
15
12
5
19
15
12
5
5
2
5
2
5
2
5
2
9
2
6
3
9
2
6
3
1
1
1
1
2
2
9
2
6
3
9
2
6
3
1
1
1
1
2
2
19
23
12
10
16
18
12
9
19
15
12
5
16
14
12
5
5
2
5
2
5
2
5
2
15
17
8
8
13
11
12
8
15
9
8
5
13
11
12
5
5
2
5
2
5
2
5
2
9
2
6
3
9
2
6
3
1
1
1
1
2
2
5
2
6
3
9
2
6
3
1
1
1
1
2
2
326
326
341
341
150
148
153
151
317
312
332
321
140
148
143
149
326
326
335
335
150
148
152
150
317
312
326
315
140
148
142
148
224
224
236
236
120
120
124
124
218
213
230
219
112
120
116
122
224
224
236
236
120
120
124
124
218
213
230
219
112
120
116
122
294
265
308
267
129
129
131
129
237
195
250
197
95
107
98
107
294
265
302
263
129
129
130
128
237
195
246
195
95
107
97
107
204
186
215
187
103
105
106
107
164
137
175
138
77
88
79
90
204
186
215
187
103
105
106
107
164
137
175
138
77
88
79
90
314
314
312
312
140
138
140
138
305
301
303
293
130
138
130
136
264
264
263
263
125
123
120
118
255
251
254
244
115
123
110
116
222
222
218
218
114
114
114
114
216
211
212
201
106
114
106
112
180
180
183
183
101
101
100
100
174
169
177
166
93
101
92
98
285
258
280
242
119
120
119
121
228
189
229
181
87
103
92
100
238
215
232
205
110
105
100
101
193
155
190
159
80
88
74
86
202
184
197
169
97
99
96
101
162
135
161
126
71
86
75
84
161
148
163
146
89
86
83
87
133
108
134
111
65
73
63
75
140
140
150
150
26
26
29
29
138
134
148
140
26
26
29
29
140
140
150
150
26
26
29
29
138
134
148
140
26
26
29
29
50
50
55
55
18
18
22
22
50
50
55
55
18
18
22
22
50
50
55
55
18
18
22
22
50
50
55
55
18
18
22
22
130
118
139
119
25
23
28
24
103
85
112
86
20
17
22
18
130
118
139
119
25
23
28
24
103
85
112
86
20
17
22
18
49
45
54
45
17
16
21
18
38
32
43
32
15
11
17
13
49
45
54
45
17
16
21
18
38
32
43
32
15
11
17
13
139
139
142
142
26
26
29
29
137
133
140
132
26
26
29
29
114
114
116
116
24
24
22
22
112
108
114
106
24
24
22
22
50
50
55
55
18
18
22
22
50
50
55
55
18
18
22
22
46
46
42
42
16
16
18
18
46
46
42
42
16
16
18
18
129
117
131
111
25
23
28
24
102
84
105
81
20
17
22
18
104
95
106
91
23
21
21
17
85
67
85
68
18
15
16
14
49
45
54
45
17
16
21
18
38
32
43
32
15
11
17
13
45
41
41
32
15
14
17
14
34
28
31
24
13
9
14
12
177
153
190
155
64
86
67
86
135
93
148
95
43
55
46
55
177
153
186
153
64
86
66
86
135
93
144
93
43
55
45
55
117
107
128
108
49
71
51
73
87
60
98
61
32
43
34
45
117
107
128
108
49
71
51
73
87
60
98
61
32
43
34
45
65
36
78
37
21
21
24
22
18
13
24
13
2
10
4
10
65
36
76
37
21
21
24
22
18
13
24
13
2
10
4
10
38
20
49
21
15
17
17
18
11
6
17
6
8
2
8
38
20
49
21
15
17
17
18
11
6
17
6
8
2
8
171
147
177
139
58
82
61
79
129
90
135
87
37
53
40
48
150
118
143
124
55
70
50
70
113
75
108
77
37
45
34
46
117
105
122
96
45
69
47
67
87
60
92
57
28
43
30
39
99
81
98
85
42
59
40
60
72
47
72
49
28
36
25
37
60
33
74
36
20
21
19
21
17
13
23
13
2
10
4
10
53
30
62
35
20
15
19
20
17
13
23
13
2
10
4
10
38
20
49
21
15
17
13
18
11
6
17
6
8
2
8
32
19
37
20
15
12
13
17
11
6
17
6
8
2
8
74
66
83
67
15
11
17
12
55
37
64
38
9
6
11
7
74
66
83
67
15
11
17
12
55
37
64
38
9
6
11
7
28
22
33
22
11
7
13
9
18
12
23
12
7
3
9
5
28
22
33
22
11
7
13
9
18
12
23
12
7
3
9
5
22
10
31
11
3
1
5
1
6
2
10
2
22
10
31
11
3
1
5
1
6
2
10
2
5
1
10
1
2
1
4
1
5
1
10
1
2
1
4
1
74
65
80
62
15
11
17
12
55
37
61
37
9
6
11
7
64
50
63
53
14
10
12
10
47
29
48
31
9
6
8
6
28
22
33
22
11
7
13
9
18
12
23
12
7
3
9
5
27
19
24
18
10
6
10
8
18
12
18
11
7
3
6
4
22
10
31
11
3
1
5
1
6
2
10
2
19
10
25
10
3
1
5
1
6
2
10
2
5
1
10
1
2
1
4
1
5
1
10
1
2
1
4
1
220
220
213
215
102
100
97
95
211
207
206
201
92
100
88
94
155
153
153
155
70
69
68
67
149
147
150
151
65
69
65
67
152
152
151
151
82
82
80
80
146
141
146
139
74
82
73
79
102
102
106
106
57
57
55
55
98
97
104
104
53
57
53
55
194
181
186
168
87
86
80
81
156
125
153
129
64
73
61
68
143
126
139
128
61
62
59
60
116
85
112
101
45
52
44
49
133
126
134
122
70
71
66
69
110
88
110
92
51
61
51
59
94
85
99
92
50
51
48
49
78
57
78
72
36
43
37
41
118
116
106
106
51
51
48
48
116
113
106
105
50
51
48
48
78
78
62
62
33
33
25
25
78
77
62
61
33
33
25
25
77
77
72
72
40
40
38
38
76
75
72
72
39
40
38
38
53
53
44
44
24
24
19
19
53
53
44
44
24
24
19
19
113
96
100
84
47
46
42
43
90
65
81
70
34
37
31
34
76
62
56
50
31
28
19
24
60
38
44
40
24
21
15
19
74
63
71
60
37
36
33
34
59
44
54
49
26
29
26
27
52
41
43
38
23
20
14
19
41
27
31
29
16
15
12
15
93
93
94
94
18
18
15
15
91
87
92
87
18
18
15
15
63
63
65
65
12
12
10
10
62
60
64
64
12
12
10
10
32
32
31
31
12
12
12
12
32
32
31
31
12
12
12
12
20
20
22
22
8
8
8
8
20
20
22
22
8
8
8
8
83
78
85
75
17
17
14
11
68
52
68
56
13
12
11
8
59
54
62
57
12
12
10
8
49
35
48
44
10
9
8
6
31
29
30
24
11
12
11
9
23
18
24
18
9
7
9
7
20
20
22
20
8
8
8
6
16
13
18
15
7
5
7
5
49
49
47
47
12
12
8
8
49
48
47
47
12
12
8
8
34
34
26
26
7
7
2
2
34
34
26
26
7
7
2
2
20
20
18
18
8
8
6
6
20
20
18
18
8
8
6
6
13
13
4
4
4
4
2
2
13
13
4
4
4
4
2
2
48
42
47
40
12
12
8
6
39
28
35
33
10
9
7
5
33
28
26
23
7
7
2
2
27
18
18
18
6
4
2
2
20
20
18
16
8
8
6
4
16
13
15
14
7
5
6
4
13
13
4
4
4
4
2
2
12
8
4
4
3
1
2
2
120
104
115
102
41
61
44
53
99
68
88
64
29
38
29
36
87
70
81
74
24
46
34
34
72
41
54
43
18
25
19
24
80
72
79
72
30
52
35
45
64
42
59
41
21
31
21
29
55
47
54
52
17
40
28
27
45
24
34
28
14
21
14
18
43
30
49
31
16
15
16
17
17
13
16
11
2
10
3
9
31
14
27
16
8
9
8
9
10
8
4
5
1
5
1
3
26
19
29
17
11
12
11
14
11
6
12
5
8
1
7
17
8
14
7
6
7
6
7
5
4
2
2
4
2
68
50
57
49
20
31
23
25
53
28
36
25
14
17
14
17
47
31
27
35
17
16
9
16
40
18
22
18
12
9
6
10
43
34
37
35
14
26
19
19
33
18
23
18
11
14
11
12
30
23
18
26
11
13
7
12
26
12
15
13
9
8
4
7
22
5
22
6
5
4
5
6
5
2
1
1
16
2
12
6
5
2
1
6
1
1
14
3
12
1
4
3
4
5
2
1
1
12
1
6
1
4
1
5
51
42
49
45
9
9
10
5
41
25
38
26
6
5
7
4
36
27
32
33
6
6
7
3
28
14
21
17
3
2
4
2
19
13
18
13
6
6
8
4
14
9
13
7
5
3
5
3
12
8
12
10
4
4
6
2
7
4
7
4
3
1
3
1
15
10
19
9
1
1
4
1
6
2
7
2
9
4
8
3
2
3
1
1
1
3
1
7
1
1
3
1
2
2
29
20
23
24
6
6
6
2
21
10
14
12
3
2
3
1
20
14
10
16
5
2
1
1
16
7
8
8
3
1
12
8
9
9
4
4
5
1
7
4
4
3
3
1
2
9
4
1
3
3
1
1
1
5
1
3
1
7
1
7
2
1
6
1
3
2
2
24
24
26
26
24
24
26
26
24
24
26
26
24
24
26
26
24
22
26
22
18
16
20
16
24
22
26
22
18
16
20
16
24
24
26
26
24
24
26
26
23
23
20
20
23
23
20
20
24
22
26
22
18
16
20
16
23
21
20
16
17
15
14
11
12
12
14
12
8
6
10
6
12
12
14
12
8
6
10
6
2
4
2
4
12
12
14
12
8
6
10
6
12
11
10
10
8
6
9
6
2
4
2
4
15
15
15
15
15
15
15
15
10
10
10
10
10
10
10
10
15
13
15
12
11
9
11
9
10
10
10
10
8
7
8
7
10
10
9
9
10
10
9
9
6
6
1
1
6
6
1
1
10
10
9
9
8
7
7
7
6
6
1
1
6
5
1
1
9
6
7
8
6
4
6
4
6
4
4
6
3
2
3
2
2
3
6
4
3
6
3
2
2
2
4
2
1
1
4
4
4
4
2
2
4
4
4
4
2
2
4
4
4
4
2
2
4
4
4
4
2
2
4
4
2
4
2
2
4
2
2
1
1
2
29
29
12
12
13
13
10
10
29
28
12
11
13
13
10
10
6
6
1
1
6
6
1
1
18
18
2
2
10
10
6
6
18
18
2
2
10
10
6
6
28
25
9
7
12
8
10
9
21
16
9
6
6
7
8
4
6
4
1
1
4
2
1
18
18
2
2
10
6
6
6
14
12
2
2
4
6
6
2
8
8
1
1
8
8
1
1
8
8
1
1
7
5
1
1
13
16
6
6
6
7
6
4
13
8
6
3
6
7
6
2
4
2
1
4
2
1
6
12
2
4
6
4
2
6
4
4
6
4
4
1
5
3
5
1
1
1
1
2
4
3
5
1
3
1
